"NAME","TYPE","NodeDescription","NodeMinimumPressure","NodePressure","NodeSymbolName","NodeStatus","NodeXCoordinate","NodeYCoordinate","NodeFlowByCategory(Base Thermal)","NodeFlowByCategory(Base Volumetric)","NodeFlowByCategory(C1)","NodeFlowByCategory(C2)","NodeFlowByCategory(C3)","NodeFlowByCategory(C4)","NodeFlowByCategory(CT)","NodeFlowByCategory(D1)","NodeFlowByCategory(DC)","NodeFlowByCategory(DM)","NodeFlowByCategory(I2)","NodeFlowByCategory(PL-AF)","NodeFlowByCategory(PL-DC)","NodeThermalFlow","NodeResultFlow","NodeFlowProfileNameByCategory(Base Thermal)","NodeFlowProfileNameByCategory(Base Volumetric)","NodeFlowProfileNameByCategory(C1)","NodeFlowProfileNameByCategory(C2)","NodeFlowProfileNameByCategory(C3)","NodeFlowProfileNameByCategory(C4)","NodeFlowProfileNameByCategory(CT)","NodeFlowProfileNameByCategory(D1)","NodeFlowProfileNameByCategory(DC)","NodeFlowProfileNameByCategory(DM)","NodeFlowProfileNameByCategory(I2)","NodeFlowProfileNameByCategory(PL-AF)","NodeFlowProfileNameByCategory(PL-DC)"
"62501600000544","Nodes","544","21.000000","25.040394","DDS demands","Known Flow","231139.454051","643409.452287","","0.000000","","","","-3.370000","","-7.450000","","","","","","-9.675438","-10.820000","","","","","","C4 PROFILE","","D1 PROFILE","","","","",""
"62501600000168","Nodes","168","21.000000","25.524406","DDS demands","Known Flow","231138.954051","643367.077276","","0.000000","","","","","","-6.569999","","","","","","-5.875011","-6.569999","","","","","","","","D1 PROFILE","","","","",""
"62501600000728","Nodes","728","21.000000","49.965391","DDS demands","Known Flow","229159.576543","642769.199017","","0.000000","","","","","","-2.650000","","","","","","-2.369677","-2.650000","","","","","","","","D1 PROFILE","","","","",""
"62501600000452","Nodes","Pinmore RRI","21.000000","49.999998","Default Known Pressure Node","Known Pressure","229158.703513","642767.827113","","999998.967025","","","","","","","","","","","","20.477590","22.899999","","","","","","","","","","","","",""
"62501600003571","Nodes","-137","21.000000","49.884038","Default Known Flow Node","Known Flow","229070.453489","642712.202097","","0.000000","","","","","","","","","","","","0.000000","0.000000","","","","","","","","","","","","",""
"62501600000714","Nodes","714","21.000000","49.957937","DDS demands","Known Flow","229073.952074","642709.828057","","0.000000","","","","","","-3.899999","","","","","","-3.487449","-3.899999","","","","","","","","D1 PROFILE","","","","",""
"62501600003919","Nodes","Kirkhill RRI","21.000000","49.999998","Default Known Pressure Node","Known Pressure","229075.078490","642711.202097","","9999999.551650","","","","","","","","","","","","21.765263","24.340000","","","","","","","","","","","","",""
"62501600000703","Nodes","703","21.000000","49.822501","DDS demands","Known Flow","229239.578535","642899.077148","","0.000000","","","","","","-3.329999","","","","","","-2.977745","-3.329999","","","","","","","","D1 PROFILE","","","","",""
"62501600000702","Nodes","702","21.000000","49.945291","DDS demands","Known Flow","229232.325528","642903.199418","","0.000000","","","","","","-9.140000","","","","","","-8.173152","-9.140000","","","","","","","","D1 PROFILE","","","","",""
"62501600003913","Nodes","Wellwood RRI","21.000000","49.999998","Default Known Pressure Node","Known Pressure","229230.953532","642901.952149","","9999999.551650","","","","","","","","","","","","24.716183","27.640000","","","","","","","","","","","","",""
"62501600000711","Nodes","711","21.000000","49.855152","DDS demands","Known Flow","229203.953525","642831.952130","","0.000000","","","","","","-2.509999","","","","","","-2.244486","-2.509999","","","","","","","","D1 PROFILE","","","","",""
"62501600000710","Nodes","710","21.000000","49.948920","DDS demands","Known Flow","229196.825840","642835.824224","","0.000000","","","","","","-7.949999","","","","","","-7.109032","-7.949999","","","","","","","","D1 PROFILE","","","","",""
"62501600003916","Nodes","Rowallan RRI","21.000000","49.999998","Default Known Pressure Node","Known Pressure","229195.328523","642834.202131","","9999999.551650","","","","","","","","","","","","21.488056","24.030000","","","","","","","","","","","","",""
"62501600000699","Nodes","699","21.000000","49.672221","DDS demands","Known Flow","229177.078518","642912.327152","","0.000000","","","","","","-6.070000","","","","","","-5.427902","-6.070000","","","","","","","","D1 PROFILE","","","","",""
"62501600000698","Nodes","698","21.000000","49.925894","DDS demands","Known Flow","229191.451635","642904.828134","","0.000000","","","","","","-5.150000","","","","","","-4.605222","-5.150000","","","","","","","","D1 PROFILE","","","","",""
"62501600003910","Nodes","Treesbank RRI","21.000000","49.999998","Default Known Pressure Node","Known Pressure","229192.703522","642907.702151","","9999999.551650","","","","","","","","","","","","21.747379","24.320001","","","","","","","","","","","","",""
"62501600000723","Nodes","723","21.000000","49.786834","DDS demands","Known Flow","229106.453498","642778.327115","","0.000000","","","","","","-0.899999","","","","","","-0.804796","-0.899999","","","","","","","","D1 PROFILE","","","","",""
"62501600000722","Nodes","722","21.000000","49.951838","DDS demands","Known Flow","229125.451631","642768.328098","","0.000000","","","","","","-12.600000","","","","","","-11.267146","-12.600000","","","","","","","","D1 PROFILE","","","","",""
"62501600003924","Nodes","Newark RRI","21.000000","49.999998","Default Known Pressure Node","Known Pressure","229126.203504","642770.077113","","9999999.551650","","","","","","","","","","","","22.605829","25.280000","","","","","","","","","","","","",""
"62501600000734","Nodes","734","21.000000","49.834373","Default Known Flow Node","Known Flow","229133.078506","642697.577093","","0.000000","","","","","","","","","","","","0.000000","0.000000","","","","","","","","","","","","",""
"62501600000733","Nodes","733","21.000000","49.863794","DDS demands","Known Flow","229124.626923","642702.209211","","0.000000","","","","","","-18.479999","","","","","","-16.525146","-18.479999","","","","","","","","D1 PROFILE","","","","",""
"62501600000451","Nodes","Lainshaw RRI","21.000000","49.999998","Default Known Pressure Node","Known Pressure","229120.078502","642704.702095","","999998.967025","","","","","","","","","","","","23.115532","25.849998","","","","","","","","","","","","",""
"62501600003899","Nodes","Woodside (McLean Home)  RRI","21.000000","49.999998","Default Known Pressure Node","Known Pressure","229188.453521","643824.077400","","999998.967025","","","","","","","","","","","","55.217956","61.749997","","","","","","","","","","","","",""
"62501600000659","Nodes","659","21.000000","49.056879","DDS demands","Known Flow","229196.199753","643825.076914","","0.000000","","","","","","-6.769999","","","","","","-6.053854","-6.769999","","","","","","","","D1 PROFILE","","","","",""
"62501600000660","Nodes","660","21.000000","44.921040","DDS demands","Known Flow","229204.578525","643866.577411","","0.000000","","","","","","-10.689999","","","","","","-9.559189","-10.689999","","","","","","","","D1 PROFILE","","","","",""
"62501600003974","Nodes","Ashgrove Road RRI 1","21.000000","49.999998","Default Known Pressure Node","Known Pressure","229493.453604","643658.702355","","999998.967025","","","","","","","","","","","","5.562035","6.220000","","","","","","","","","","","","",""
"62501600000820","Nodes","820","21.000000","49.994118","DDS demands","Known Flow","229491.828603","643660.702355","","0.000000","","","","","","","","","-6.220000","","","-5.562035","-6.220000","","","","","","","","","","","I2 PROFILE","",""
"62501600003772","Nodes","-156387","21.000000","49.994553","Default Known Flow Node","Known Flow","229524.703612","643687.202363","","0.000000","","","","","","","","","","","","0.000000","0.000000","","","","","","","","","","","","",""
"62501600000169","Nodes","169","21.000000","25.221634","DDS demands","Known Flow","231182.189063","643289.325254","","0.000000","","","","","","-13.340000","","","","","","-11.928867","-13.340000","","","","","","","","D1 PROFILE","","","","",""
"62501600003540","Nodes","-1083","21.000000","42.328082","Default Known Flow Node","Known Flow","230471.360870","643408.263287","","0.000000","","","","","","","","","","","","0.000000","0.000000","","","","","","","","","","","","",""
"62501600001010","Nodes","P09121132,  Dev @ Whitehirst Park, -100.43","24.000000","25.994040","CSEP DDS Matched","Known Flow","229029.915600","643830.446738","","0.000000","","","","","-122.499998","","-100.429998","","","","","-199.347998","-222.930005","","","","","","","CT PROFILE","","DC PROFILE","","","",""
"62501600003527","Nodes","-1063","21.000000","40.499263","Default Known Flow Node","Known Flow","230494.579825","643361.327763","","0.000000","","","","","","","","","","","","0.000000","0.000000","","","","","","","","","","","","",""
"62501600001851","Nodes","P9970111, Blairafton Wynd, -55.8","30.000000","38.341676","CSEP DDS Matched","Known Flow","229227.828531","644042.577459","","0.000000","","","","","","","-32.389999","","","","","-28.963716","-32.389999","","","","","","","","","DC PROFILE","","","",""
"62501600000691","Nodes","691","21.000000","38.428742","DDS demands","Known Flow","229243.015054","644052.158218","","0.000000","","","","","","-11.740000","","","","","","-10.498118","-11.740000","","","","","","","","D1 PROFILE","","","","",""
"62501600000690","Nodes","690","21.000000","38.799016","DDS demands","Known Flow","229290.828549","644059.077464","","0.000000","","","","","","-9.379999","","","","","","-8.387763","-9.379999","","","","","","","","D1 PROFILE","","","","",""
"62501600000410","Nodes","410","21.000000","32.200241","DDS demands","Known Flow","230879.578981","642814.952125","","0.000000","","","","","","-5.260000","","","","","","-4.703586","-5.260000","","","","","","","","D1 PROFILE","","","","",""
"62501600001003","Nodes","P08119486, Former Co-op Mains Street, -8.12","22.999998","39.458956","CSEP DDS Matched","Known Flow","230364.783464","643348.940914","","0.000000","","","","","","","-8.120000","","","","","-7.261049","-8.120000","","","","","","","","","DC PROFILE","","","",""
"62501600000449","Nodes","449","21.000000","32.210714","DDS demands","Known Flow","230941.328998","642796.077120","","0.000000","","","","","","-3.589999","","","","","","-3.210242","-3.589999","","","","","","","","D1 PROFILE","","","","",""
"62501600003546","Nodes","-1105","21.000000","33.328101","Default Known Flow Node","Known Flow","230841.403130","643565.749450","","0.000000","","","","","","","","","","","","0.000000","0.000000","","","","","","","","","","","","",""
"62501600000749","Nodes","P00086394,  Bridgend Lane, -30.6","24.000000","33.847617","CSEP DDS Matched","Known Flow","230795.845958","643514.421316","","0.000000","","","","","","","-19.003999","","","","","-16.993716","-19.003999","","","","","","","","","DC PROFILE","","","",""
"62501600003545","Nodes","-1098","21.000000","34.756304","Default Known Flow Node","Known Flow","230743.741782","643483.516249","","0.000000","","","","","","","","","","","","0.000000","0.000000","","","","","","","","","","","","",""
"62501600003535","Nodes","-1073","21.000000","28.836177","Default Known Flow Node","Known Flow","231001.329014","643384.202280","","0.000000","","","","","","","","","","","","0.000000","0.000000","","","","","","","","","","","","",""
"62501600001005","Nodes","","21.000000","28.446143","Default Known Flow Node","Known Flow","231016.745356","643382.931571","","0.000000","","","","","","","","","","","","0.000000","0.000000","","","","","","","","","","","","",""
"62501600003532","Nodes","-1069","21.000000","26.801072","Default Known Flow Node","Known Flow","231081.704171","643377.577147","","0.000000","","","","","","","","","","","","0.000000","0.000000","","","","","","","","","","","","",""
"62501600003874","Nodes","-579","21.000000","40.084161","Default Known Flow Node","Known Flow","230314.328747","643507.327503","","0.000000","","","","","","","","","","","","0.000000","0.000000","","","","","","","","","","","","",""
"62501600001004","Nodes","","21.000000","40.842180","Default Known Flow Node","Known Flow","230374.407849","643527.560950","","0.000000","","","","","","","","","","","","0.000000","0.000000","","","","","","","","","","","","",""
"62501600000272","Nodes","272","21.000000","22.320345","DDS demands","Known Flow","229373.219571","642634.186076","","0.000000","","","","","","-16.430000","","","","","","-14.692001","-16.430000","","","","","","","","D1 PROFILE","","","","",""
"62501600001002","Nodes","Logger id = 10096, Culzean Place","21.000000","22.369496","Val Log Post","Known Flow","229329.454087","642663.865985","","0.000000","","","","","","","","","","","","0.000000","0.000000","","","","","","","","","","","","",""
"62501600000270","Nodes","270","21.000000","22.589797","DDS demands","Known Flow","229335.203561","642725.577101","","0.000000","","","","","","-40.589999","","","","","","-36.296302","-40.589999","","","","","","","","D1 PROFILE","","","","",""
"62501600003995","Nodes","-860","21.000000","27.592950","Default Known Flow Node","Known Flow","229264.335863","644293.800790","","0.000000","","","","","","","","","","","","0.000000","0.000000","","","","","","","","","","","","",""
"62501600001000","Nodes","","21.000000","27.914080","Default Known Flow Node","Known Flow","229277.578545","644299.202529","","0.000000","","","","","","","","","","","","0.000000","0.000000","","","","","","","","","","","","",""
"62501600000813","Nodes","","21.000000","27.849952","Default Known Flow Node","Known Flow","229275.276455","644298.176296","","0.000000","","","","","","","","","","","","0.000000","0.000000","","","","","","","","","","","","",""
"62501600000652","Nodes","652,","21.000000","22.904072","DDS demands","Known Flow","230967.329005","643770.952385","","0.000000","","","","","","-7.210000","","","","","","-6.447311","-7.210000","","","","","","","","D1 PROFILE","","","","",""
"62501600000111","Nodes","111","21.000000","35.153854","DDS demands","Known Flow","229930.078722","643699.952366","","0.000000","","","","","","-4.179999","","","","","","-3.737830","-4.179999","","","","","","","","D1 PROFILE","","","","",""
"62501600000851","Nodes","","21.000000","35.128198","Default Known Flow Node","Known Flow","229932.440714","643609.200871","","0.000000","","","","","","","","","","","","0.000000","0.000000","","","","","","","","","","","","",""
"62501600000257","Nodes","257","21.000000","26.791160","DDS demands","Known Flow","228884.454779","642837.755489","","0.000000","","","","","","-5.639999","","","","","","-5.043388","-5.639999","","","","","","","","D1 PROFILE","","","","",""
"62501600000258","Nodes","258","21.000000","26.745911","DDS demands","Known Flow","228902.534443","642789.376118","","0.000000","","","","","","-10.560000","","","","","","-9.442941","-10.560000","","","","","","","","D1 PROFILE","","","","",""
"62501600000256","Nodes","256","21.000000","26.826860","DDS demands","Known Flow","228913.765446","642811.341124","","0.000000","","","","","","-5.189999","","","","","","-4.640990","-5.189999","","","","","","","","D1 PROFILE","","","","",""
"62501600003592","Nodes","-1462535","21.000000","26.745911","Default Known Flow Node","Known Flow","228897.529442","642780.127116","","0.000000","","","","","","","","","","","","0.000000","0.000000","","","","","","","","","","","","",""
"62501600000259","Nodes","259","21.000000","26.976176","Default Known Flow Node","Known Flow","228932.225451","642784.595117","","0.000000","","","","","","","","","","","","0.000000","0.000000","","","","","","","","","","","","",""
"62501600000260","Nodes","260","21.000000","26.871657","DDS demands","Known Flow","228962.811459","642769.086113","","0.000000","","","","","","-2.339999","","","","","","-2.092469","-2.339999","","","","","","","","D1 PROFILE","","","","",""
"62501600000253","Nodes","253","21.000000","26.247111","DDS demands","Known Flow","228950.647267","642879.907832","","0.000000","","","","","","-3.910000","","","","","","-3.496392","-3.910000","","","","","","","","D1 PROFILE","","","","",""
"62501600000250","Nodes","250","21.000000","26.279741","DDS demands","Known Flow","228919.361447","642904.073150","","0.000000","","","","","","-6.989999","","","","","","-6.250582","-6.989999","","","","","","","","D1 PROFILE","","","","",""
"62501600000251","Nodes","251","21.000000","26.531838","DDS demands","Known Flow","228938.041453","642856.797137","","0.000000","","","","","","-7.610000","","","","","","-6.804998","-7.610000","","","","","","","","D1 PROFILE","","","","",""
"62501600000633","Nodes","633","21.000000","26.820794","Default Known Flow Node","Known Flow","228989.328467","642895.077147","","0.000000","","","","","","","","","","","","0.000000","0.000000","","","","","","","","","","","","",""
"62501600000641","Nodes","641","21.000000","26.494369","DDS demands","Known Flow","228955.703457","642973.077168","","0.000000","","","","","","-1.860000","","","","","","-1.663245","-1.860000","","","","","","","","D1 PROFILE","","","","",""
"62501600000642","Nodes","","21.000000","26.446768","DDS demands","Known Flow","228947.828455","642958.202164","","0.000000","","","","","","-1.679999","","","","","","-1.502286","-1.679999","","","","","","","","D1 PROFILE","","","","",""
"62501600003603","Nodes","-1462561","21.000000","26.138117","Default Known Flow Node","Known Flow","228928.578450","642947.327161","","0.000000","","","","","","","","","","","","0.000000","0.000000","","","","","","","","","","","","",""
"62501600000264","Nodes","264","21.000000","26.773735","DDS demands","Known Flow","228998.991469","642836.775131","","0.000000","","","","","","-2.339999","","","","","","-2.092469","-2.339999","","","","","","","","D1 PROFILE","","","","",""
"62501600000643","Nodes","643","21.000000","25.945631","Default Known Flow Node","Known Flow","228983.328465","642941.327160","","0.000000","","","","","","","","","","","","0.000000","0.000000","","","","","","","","","","","","",""
"62501600003600","Nodes","-1462556","21.000000","25.945631","Default Known Flow Node","Known Flow","228968.828461","642913.577152","","0.000000","","","","","","","","","","","","0.000000","0.000000","","","","","","","","","","","","",""
"62501600000634","Nodes","634","21.000000","26.647879","Default Known Flow Node","Known Flow","229001.953470","642919.452154","","0.000000","","","","","","","","","","","","0.000000","0.000000","","","","","","","","","","","","",""
"62501600000265","Nodes","265","21.000000","26.606158","DDS demands","Known Flow","229011.130862","642859.540582","","0.000000","","","","","","-6.650000","","","","","","-5.946549","-6.650000","","","","","","","","D1 PROFILE","","","","",""
"62501600000263","Nodes","263","21.000000","26.539308","DDS demands","Known Flow","229029.805391","642810.335270","","0.000000","","","","","","-7.400000","","","","","","-6.617212","-7.400000","","","","","","","","D1 PROFILE","","","","",""
"62501600000720","Nodes","720","21.000000","44.288396","DDS demands","Known Flow","229037.828480","642759.952110","","0.000000","","","","","","-2.140000","","","","","","-1.913626","-2.140000","","","","","","","","D1 PROFILE","","","","",""
"62501600000718","Nodes","718","21.000000","44.419044","DDS demands","Known Flow","229047.828482","642752.827108","","0.000000","","","","","","-3.430000","","","","","","-3.067167","-3.430000","","","","","","","","D1 PROFILE","","","","",""
"62501600000736","Nodes","736","21.000000","49.748314","DDS demands","Known Flow","229150.703510","642658.202083","","0.000000","","","","","","-0.689999","","","","","","-0.617010","-0.689999","","","","","","","","D1 PROFILE","","","","",""
"62501600000735","Nodes","735","21.000000","49.780562","DDS demands","Known Flow","229121.453502","642673.327087","","0.000000","","","","","","-1.869999","","","","","","-1.672187","-1.869999","","","","","","","","D1 PROFILE","","","","",""
"62501600000727","Nodes","727","21.000000","49.270718","DDS demands","Known Flow","229088.828494","642818.077126","","0.000000","","","","","","-4.619999","","","","","","-4.131286","-4.619999","","","","","","","","D1 PROFILE","","","","",""
"62501600000725","Nodes","725","21.000000","49.634922","DDS demands","Known Flow","229098.328496","642813.077125","","0.000000","","","","","","-2.730000","","","","","","-2.441214","-2.730000","","","","","","","","D1 PROFILE","","","","",""
"62501600000708","Nodes","708","21.000000","49.177878","DDS demands","Known Flow","229117.578500","642887.577143","","0.000000","","","","","","-11.880000","","","","","","-10.623308","-11.880000","","","","","","","","D1 PROFILE","","","","",""
"62501600003778","Nodes","-213","21.000000","49.375599","Default Known Flow Node","Known Flow","229152.703511","642869.452140","","0.000000","","","","","","","","","","","","0.000000","0.000000","","","","","","","","","","","","",""
"62501600000639","Nodes","","21.000000","26.262128","Default Known Flow Node","Known Flow","229115.703501","642975.827169","","0.000000","","","","","","","","","","","","0.000000","0.000000","","","","","","","","","","","","",""
"62501600000638","Nodes","638","21.000000","26.288581","DDS demands","Known Flow","229100.203497","642944.702161","","0.000000","","","","","","-10.660000","","","","","","-9.532363","-10.660000","","","","","","","","D1 PROFILE","","","","",""
"62501600000701","Nodes","701","21.000000","49.525081","DDS demands","Known Flow","229147.703510","642958.327164","","0.000000","","","","","","-5.119999","","","","","","-4.578395","-5.119999","","","","","","","","D1 PROFILE","","","","",""
"62501600000713","Nodes","713","21.000000","49.671638","DDS demands","Known Flow","229220.203529","642792.827119","","0.000000","","","","","","-7.440000","","","","","","-6.652981","-7.440000","","","","","","","","D1 PROFILE","","","","",""
"62501600000705","Nodes","705","21.000000","49.605091","DDS demands","Known Flow","229257.703540","642859.452137","","0.000000","","","","","","-8.120000","","","","","","-7.261049","-8.120000","","","","","","","","D1 PROFILE","","","","",""
"62501600003779","Nodes","-215","21.000000","49.726377","Default Known Flow Node","Known Flow","229227.828531","642875.077142","","0.000000","","","","","","","","","","","","0.000000","0.000000","","","","","","","","","","","","",""
"62501600000319","Nodes","319","21.000000","22.108249","DDS demands","Known Flow","229395.702275","642613.774871","","0.000000","","","","","","-10.660000","","","","","","-9.532363","-10.660000","","","","","","","","D1 PROFILE","","","","",""
"62501600003784","Nodes","-234","21.000000","26.409389","Default Known Flow Node","Known Flow","229081.578492","642908.077151","","0.000000","","","","","","","","","","","","0.000000","0.000000","","","","","","","","","","","","",""
"62501600003780","Nodes","-216","21.000000","26.401344","Default Known Flow Node","Known Flow","229065.203487","642877.327142","","0.000000","","","","","","","","","","","","0.000000","0.000000","","","","","","","","","","","","",""
"62501600003581","Nodes","-1462497","21.000000","49.375599","Default Known Flow Node","Known Flow","229160.578513","642880.827143","","0.000000","","","","","","","","","","","","0.000000","0.000000","","","","","","","","","","","","",""
"62501600000730","Nodes","730","21.000000","49.600574","DDS demands","Known Flow","229186.328520","642725.327101","","0.000000","","","","","","-6.610000","","","","","","-5.910780","-6.610000","","","","","","","","D1 PROFILE","","","","",""
"62501600000729","Nodes","729","21.000000","49.796964","DDS demands","Known Flow","229168.203515","642764.577112","","0.000000","","","","","","-2.840000","","","","","","-2.539578","-2.840000","","","","","","","","D1 PROFILE","","","","",""
"62501600003630","Nodes","-1462642","21.000000","49.466170","Default Known Flow Node","Known Flow","229215.453528","642767.327112","","0.000000","","","","","","","","","","","","0.000000","0.000000","","","","","","","","","","","","",""
"62501600000731","Nodes","731","21.000000","49.466170","DDS demands","Known Flow","229208.435606","642753.961518","","0.000000","","","","","","-5.349999","","","","","","-4.784065","-5.349999","","","","","","","","D1 PROFILE","","","","",""
"62501600000715","Nodes","715","21.000000","49.878695","DDS demands","Known Flow","229066.578488","642704.202095","","0.000000","","","","","","-1.609999","","","","","","-1.439690","-1.609999","","","","","","","","D1 PROFILE","","","","",""
"62501600000717","Nodes","717","21.000000","49.874709","DDS demands","Known Flow","229038.703480","642719.077099","","0.000000","","","","","","-1.360000","","","","","","-1.216136","-1.360000","","","","","","","","D1 PROFILE","","","","",""
"62501600003771","Nodes","-147","21.000000","49.582677","Default Known Flow Node","Known Flow","229082.365754","642735.024391","","0.000000","","","","","","","","","","","","0.000000","0.000000","","","","","","","","","","","","",""
"62501600000719","Nodes","719","21.000000","42.582992","DDS demands","Known Flow","229023.828476","642708.452096","","0.000000","","","","","","-4.659999","","","","","","-4.167055","-4.659999","","","","","","","","D1 PROFILE","","","","",""
"62501600000737","Nodes","737","21.000000","49.760951","DDS demands","Known Flow","229173.453517","642686.952091","","0.000000","","","","","","-3.780000","","","","","","-3.380143","-3.780000","","","","","","","","D1 PROFILE","","","","",""
"62501600000738","Nodes","738","21.000000","49.654349","DDS demands","Known Flow","229159.578513","642660.702083","","0.000000","","","","","","-1.029999","","","","","","-0.921044","-1.029999","","","","","","","","D1 PROFILE","","","","",""
"62501600000732","Nodes","732","21.000000","47.409794","DDS demands","Known Flow","229203.953525","642719.577099","","0.000000","","","","","","-5.449999","","","","","","-4.873487","-5.449999","","","","","","","","D1 PROFILE","","","","",""
"62501600000724","Nodes","724","21.000000","49.682631","Default Known Flow Node","Known Flow","229066.828488","642789.202118","","0.000000","","","","","","","","","","","","0.000000","0.000000","","","","","","","","","","","","",""
"62501600000726","Nodes","726","21.000000","48.774205","DDS demands","Known Flow","229080.578491","642815.952126","","0.000000","","","","","","-4.429999","","","","","","-3.961385","-4.429999","","","","","","","","D1 PROFILE","","","","",""
"62501600000707","Nodes","707","21.000000","49.510130","DDS demands","Known Flow","229141.328508","642845.077134","","0.000000","","","","","","-12.499999","","","","","","-11.177723","-12.499999","","","","","","","","D1 PROFILE","","","","",""
"62501600000706","Nodes","Rosemount RRI","21.000000","49.999998","Default Known Pressure Node","Known Pressure","229157.578512","642840.702132","","9999999.551650","","","","","","","","","","","","21.801032","24.379999","","","","","","","","","","","","",""
"62501600003775","Nodes","-206","21.000000","49.497752","Default Known Flow Node","Known Flow","229105.328498","642855.202136","","0.000000","","","","","","","","","","","","0.000000","0.000000","","","","","","","","","","","","",""
"62501600000709","Nodes","709","21.000000","49.177878","Default Known Flow Node","Known Flow","229102.578497","642896.452148","","0.000000","","","","","","","","","","","","0.000000","0.000000","","","","","","","","","","","","",""
"62501600000636","Nodes","636","21.000000","26.409403","DDS demands","Known Flow","229079.223590","642909.236776","","0.000000","","","","","","-16.920000","","","","","","-15.130167","-16.920000","","","","","","","","D1 PROFILE","","","","",""
"62501600000635","Nodes","635","21.000000","26.518949","DDS demands","Known Flow","229045.828482","642925.702155","","0.000000","","","","","","-4.289999","","","","","","-3.836194","-4.289999","","","","","","","","D1 PROFILE","","","","",""
"62501600003591","Nodes","-1462527","21.000000","26.518949","Default Known Flow Node","Known Flow","229048.703483","642931.827157","","0.000000","","","","","","","","","","","","0.000000","0.000000","","","","","","","","","","","","",""
"62501600003687","Nodes","-1462793","21.000000","26.332137","Default Known Flow Node","Known Flow","229068.578488","642960.952165","","0.000000","","","","","","","","","","","","0.000000","0.000000","","","","","","","","","","","","",""
"62501600003787","Nodes","-269","21.000000","26.026286","Default Known Flow Node","Known Flow","229080.953491","642993.202174","","0.000000","","","","","","","","","","","","0.000000","0.000000","","","","","","","","","","","","",""
"62501600003595","Nodes","-1462540","21.000000","26.218576","Default Known Flow Node","Known Flow","229127.078504","642969.952168","","0.000000","","","","","","","","","","","","0.000000","0.000000","","","","","","","","","","","","",""
"62501600000700","Nodes","700","21.000000","49.463429","DDS demands","Known Flow","229161.203513","642951.827163","","0.000000","","","","","","-7.979999","","","","","","-7.135858","-7.979999","","","","","","","","D1 PROFILE","","","","",""
"62501600000712","Nodes","712","21.000000","49.614543","DDS demands","Known Flow","229235.703534","642785.202117","","0.000000","","","","","","-6.130000","","","","","","-5.481555","-6.130000","","","","","","","","D1 PROFILE","","","","",""
"62501600000704","Nodes","704","21.000000","49.551518","DDS demands","Known Flow","229277.328545","642849.202135","","0.000000","","","","","","-7.050000","","","","","","-6.304236","-7.050000","","","","","","","","D1 PROFILE","","","","",""
"62501600000271","Nodes","271","21.000000","22.415197","DDS demands","Known Flow","229433.578587","642664.577084","","0.000000","","","","","","-18.340000","","","","","","-16.399957","-18.340000","","","","","","","","D1 PROFILE","","","","",""
"62501600000318","Nodes","318","21.000000","22.343351","DDS demands","Known Flow","229459.453594","642645.577079","","0.000000","","","","","","-5.409999","","","","","","-4.837718","-5.409999","","","","","","","","D1 PROFILE","","","","",""
"62501600000573","Nodes","573","21.000000","22.832956","Default Known Flow Node","Known Flow","229354.203566","642759.577110","","0.000000","","","","","","","","","","","","0.000000","0.000000","","","","","","","","","","","","",""
"62501600003607","Nodes","-1462585","21.000000","22.832956","Default Known Flow Node","Known Flow","229355.828566","642762.452111","","0.000000","","","","","","","","","","","","0.000000","0.000000","","","","","","","","","","","","",""
"62501600000574","Nodes","574","21.000000","23.040706","DDS demands","Known Flow","229368.828570","642858.327137","","0.000000","","","","","","-6.459999","","","","","","-5.776647","-6.459999","","","","","","","","D1 PROFILE","","","","",""
"62501600000770","Nodes","770","21.000000","22.962955","DDS demands","Known Flow","229421.578584","642819.452127","","0.000000","","","","","","-2.970000","","","","","","-2.655827","-2.970000","","","","","","","","D1 PROFILE","","","","",""
"62501600000771","Nodes","771","21.000000","22.962955","Default Known Flow Node","Known Flow","229443.828590","642860.327138","","0.000000","","","","","","","","","","","","0.000000","0.000000","","","","","","","","","","","","",""
"62501600000266","Nodes","266","21.000000","22.983192","DDS demands","Known Flow","229377.453572","642841.452133","","0.000000","","","","","","-15.359999","","","","","","-13.735186","-15.359999","","","","","","","","D1 PROFILE","","","","",""
"62501600000268","Nodes","268","21.000000","22.678003","DDS demands","Known Flow","229361.328568","642790.577119","","0.000000","","","","","","-25.440001","","","","","","-22.748904","-25.440001","","","","","","","","D1 PROFILE","","","","",""
"62501600000575","Nodes","575","21.000000","23.140956","DDS demands","Known Flow","229385.203574","642902.577149","","0.000000","","","","","","-9.159999","","","","","","-8.191036","-9.159999","","","","","","","","D1 PROFILE","","","","",""
"62501600000576","Nodes","576","21.000000","23.292998","Point Loads","Known Flow","229397.953578","642926.452156","","0.000000","","","","","","-7.600000","","","","-32.679999","","-36.019096","-40.279999","","","","","","","","D1 PROFILE","","","","PL-AF PROFILE",""
"62501600000577","Nodes","577","21.000000","23.249077","DDS demands","Known Flow","229450.872592","642897.893148","","0.000000","","","","","","-0.199999","","","","","","-0.178843","-0.199999","","","","","","","","D1 PROFILE","","","","",""
"62501600000637","Nodes","637","21.000000","26.393158","DDS demands","Known Flow","229033.828479","642893.827147","","0.000000","","","","","","-1.820000","","","","","","-1.627476","-1.820000","","","","","","","","D1 PROFILE","","","","",""
"62501600003651","Nodes","-1462691","21.000000","26.401344","Default Known Flow Node","Known Flow","229060.953486","642869.702140","","0.000000","","","","","","","","","","","","0.000000","0.000000","","","","","","","","","","","","",""
"62501600000640","Nodes","640","21.000000","25.948013","DDS demands","Known Flow","229071.828489","642975.327169","","0.000000","","","","","","-10.899999","","","","","","-9.746974","-10.899999","","","","","","","","D1 PROFILE","","","","",""
"62501600003723","Nodes","-1462886","21.000000","26.026286","Default Known Flow Node","Known Flow","229083.828492","642998.827175","","0.000000","","","","","","","","","","","","0.000000","0.000000","","","","","","","","","","","","",""
"62501600003726","Nodes","-1462899","21.000000","26.409389","Default Known Flow Node","Known Flow","229093.953495","642901.327149","","0.000000","","","","","","","","","","","","0.000000","0.000000","","","","","","","","","","","","",""
"62501600000716","Nodes","716","21.000000","48.640199","DDS demands","Known Flow","229089.828494","642743.327106","","0.000000","","","","","","-7.239999","","","","","","-6.474137","-7.239999","","","","","","","","D1 PROFILE","","","","",""
"62501600003671","Nodes","-1462750","21.000000","49.768197","Default Known Flow Node","Known Flow","229221.203530","642862.077138","","0.000000","","","","","","","","","","","","0.000000","0.000000","","","","","","","","","","","","",""
"62501600000766","Nodes","766","21.000000","26.394050","DDS demands","Known Flow","229009.746873","642990.554699","","0.000000","","","","","","-3.800000","","","","","","-3.398028","-3.800000","","","","","","","","D1 PROFILE","","","","",""
"62501600003786","Nodes","-266","21.000000","26.394050","Default Known Flow Node","Known Flow","229002.328470","642977.077169","","0.000000","","","","","","","","","","","","0.000000","0.000000","","","","","","","","","","","","",""
"62501600000269","Nodes","269","21.000000","22.458426","DDS demands","Known Flow","229520.453611","642686.202090","","0.000000","","","","","","-22.839999","","","","","","-20.423936","-22.839999","","","","","","","","D1 PROFILE","","","","",""
"62501600000267","Nodes","267","21.000000","22.887178","DDS demands","Known Flow","229514.703609","642767.952113","","0.000000","","","","-3.540000","","-10.359999","","","","","","-12.429627","-13.899999","","","","","","C4 PROFILE","","D1 PROFILE","","","","",""
"62501600003668","Nodes","-1462734","21.000000","31.179883","Default Known Flow Node","Known Flow","229920.328720","642711.202097","","0.000000","","","","","","","","","","","","0.000000","0.000000","","","","","","","","","","","","",""
"62501600000604","Nodes","604","21.000000","31.179883","DDS demands","Known Flow","229919.578720","642715.452098","","0.000000","","","","","","-7.820000","","","","","","-6.992784","-7.820000","","","","","","","","D1 PROFILE","","","","",""
"62501600003601","Nodes","-1462559","21.000000","28.481357","Default Known Flow Node","Known Flow","229996.703741","642951.827163","","0.000000","","","","","","","","","","","","0.000000","0.000000","","","","","","","","","","","","",""
"62501600000597","Nodes","597","21.000000","28.481357","DDS demands","Known Flow","229982.578737","642941.327160","","0.000000","","-22.070000","","","","-6.350000","","","","","","-25.413673","-28.420000","","","","C2 PROFILE","","","","D1 PROFILE","","","","",""
"62501600000274","Nodes","274","21.000000","22.209910","DDS demands","Known Flow","229552.578620","642952.952163","","0.000000","","-4.940000","","","","-44.279999","","","","","","-44.013403","-49.219998","","","","C2 PROFILE","","","","D1 PROFILE","","","","",""
"62501600000275","Nodes","275","21.000000","22.075399","DDS demands","Known Flow","229682.578655","642894.952147","","0.000000","","","","","","-21.760000","","","","","","-19.458181","-21.760000","","","","","","","","D1 PROFILE","","","","",""
"62501600000603","Nodes","603","21.000000","31.327286","DDS demands","Known Flow","229973.828734","642727.202101","","0.000000","","","","","","-9.809999","","","","","","-8.772278","-9.809999","","","","","","","","D1 PROFILE","","","","",""
"62501600003585","Nodes","-1462514","21.000000","31.179883","Default Known Flow Node","Known Flow","229918.703719","642720.577100","","0.000000","","","","","","","","","","","","0.000000","0.000000","","","","","","","","","","","","",""
"62501600000598","Nodes","598","21.000000","28.373979","DDS demands","Known Flow","229947.953727","642917.077153","","0.000000","","","","","","-4.800000","","","","","","-4.292246","-4.800000","","","","","","","","D1 PROFILE","","","","",""
"62501600000601","Nodes","601","21.000000","31.483227","DDS demands","Known Flow","229957.453730","642862.577138","","0.000000","","","","","","-9.090000","","","","","","-8.128440","-9.090000","","","","","","","","D1 PROFILE","","","","",""
"62501600000843","Nodes","843","21.000000","31.483227","Default Known Flow Node","Known Flow","229929.703722","642899.452148","","0.000000","","","","","","","","","","","","0.000000","0.000000","","","","","","","","","","","","",""
"62501600000644","Nodes","644","21.000000","26.432937","DDS demands","Known Flow","228975.328463","643008.077178","","0.000000","","","","","","-7.099999","","","","","","-6.348946","-7.099999","","","","","","","","D1 PROFILE","","","","",""
"62501600000352","Nodes","352","21.000000","27.239385","DDS demands","Known Flow","228650.328374","643378.077279","","0.000000","","","","","","-8.729999","","","","","","-7.806521","-8.729999","","","","","","","","D1 PROFILE","","","","",""
"62501600000351","Nodes","351","21.000000","27.553484","DDS demands","Known Flow","228661.203377","643427.702292","","0.000000","","","","","","-3.479999","","","","","","-3.111878","-3.479999","","","","","","","","D1 PROFILE","","","","",""
"62501600000431","Nodes","431","21.000000","34.042671","DDS demands","Known Flow","228682.953383","643078.577197","","0.000000","","","","","","-13.859999","","","","","","-12.393859","-13.859999","","","","","","","","D1 PROFILE","","","","",""
"62501600003790","Nodes","-326","21.000000","33.964903","Default Known Flow Node","Known Flow","228702.703389","643074.452196","","0.000000","","","","","","","","","","","","0.000000","0.000000","","","","","","","","","","","","",""
"62501600000608","Nodes","608","21.000000","34.230208","Default Known Flow Node","Known Flow","228729.203396","643189.077227","","0.000000","","","","","","","","","","","","0.000000","0.000000","","","","","","","","","","","","",""
"62501600003803","Nodes","-413","21.000000","34.164243","Default Known Flow Node","Known Flow","228703.952355","643194.514949","","0.000000","","","","","","","","","","","","0.000000","0.000000","","","","","","","","","","","","",""
"62501600000054","Nodes","54","21.000000","33.689381","DDS demands","Known Flow","228785.128338","643297.404969","","0.000000","","","","","","-7.070000","","","","","","-6.322121","-7.070000","","","","","","","","D1 PROFILE","","","","",""
"62501600000053","Nodes","53","21.000000","33.899788","DDS demands","Known Flow","228829.782457","643237.315993","","0.000000","","","","","","-23.129999","","","","","","-20.683259","-23.129999","","","","","","","","D1 PROFILE","","","","",""
"62501600000062","Nodes","62","21.000000","31.646290","DDS demands","Known Flow","228959.670247","643190.723186","","0.000000","","","","","","-12.319999","","","","","","-11.016764","-12.319999","","","","","","","","D1 PROFILE","","","","",""
"62501600000160","Nodes","160","21.000000","29.458016","DDS demands","Known Flow","228864.076736","643486.949607","","0.000000","","","","","","-22.370001","","","","","","-20.003655","-22.370001","","","","","","","","D1 PROFILE","","","","",""
"62501600000571","Nodes","571","21.000000","29.970538","DDS demands","Known Flow","228883.203438","643429.577293","","0.000000","","","","","","-12.770000","","","","","","-11.419162","-12.770000","","","","","","","","D1 PROFILE","","","","",""
"62501600000165","Nodes","165","21.000000","29.968603","DDS demands","Known Flow","228851.703429","643418.952290","","0.000000","","","","","","-6.309999","","","","","","-5.642515","-6.309999","","","","","","","","D1 PROFILE","","","","",""
"62501600003686","Nodes","-1462786","21.000000","33.160920","Default Known Flow Node","Known Flow","228575.078354","643329.202265","","0.000000","","","","","","","","","","","","0.000000","0.000000","","","","","","","","","","","","",""
"62501600000427","Nodes","427","21.000000","33.160920","DDS demands","Known Flow","228597.828360","643339.827268","","0.000000","","","","","","-10.199999","","","","","","-9.121022","-10.199999","","","","","","","","D1 PROFILE","","","","",""
"62501600003727","Nodes","-1462901","21.000000","34.198069","Default Known Flow Node","Known Flow","228636.953371","643241.077241","","0.000000","","","","","","","","","","","","0.000000","0.000000","","","","","","","","","","","","",""
"62501600003806","Nodes","-438","21.000000","34.198069","Default Known Flow Node","Known Flow","228650.953374","643237.327240","","0.000000","","","","","","","","","","","","0.000000","0.000000","","","","","","","","","","","","",""
"62501600000430","Nodes","430","21.000000","34.198007","DDS demands","Known Flow","228725.697345","643185.453758","","0.000000","","","","","","-12.890000","","","","","","-11.526469","-12.890000","","","","","","","","D1 PROFILE","","","","",""
"62501600003859","Nodes","-546","21.000000","28.838704","Default Known Flow Node","Known Flow","228719.953428","643470.327286","","0.000000","","","","","","","","","","","","0.000000","0.000000","","","","","","","","","","","","",""
"62501600003674","Nodes","-1462755","21.000000","28.751704","Default Known Flow Node","Known Flow","228711.828391","643408.702287","","0.000000","","","","","","","","","","","","0.000000","0.000000","","","","","","","","","","","","",""
"62501600003665","Nodes","-1462726","21.000000","32.558234","Default Known Flow Node","Known Flow","228940.828453","643332.327266","","0.000000","","","","","","","","","","","","0.000000","0.000000","","","","","","","","","","","","",""
"62501600000413","Nodes","413","21.000000","32.558234","DDS demands","Known Flow","228942.353197","643334.181925","","0.000000","-6.000000","","","","","-15.760000","","","","","","-19.458181","-21.760000","","","C1 PROFILE","","","","","D1 PROFILE","","","","",""
"62501600003681","Nodes","-1462773","21.000000","26.447107","Default Known Flow Node","Known Flow","228996.453468","643050.202189","","0.000000","","","","","","","","","","","","0.000000","0.000000","","","","","","","","","","","","",""
"62501600000764","Nodes","764","21.000000","26.447107","DDS demands","Known Flow","228991.078467","643039.327186","","0.000000","","","","","","-4.920000","","","","","","-4.399552","-4.920000","","","","","","","","D1 PROFILE","","","","",""
"62501600003608","Nodes","-1462587","21.000000","29.458016","Default Known Flow Node","Known Flow","228852.328429","643481.702307","","0.000000","","","","","","","","","","","","0.000000","0.000000","","","","","","","","","","","","",""
"62501600000745","Nodes","745","21.000000","32.836457","DDS demands","Known Flow","228545.828346","643062.327193","","0.000000","","","","","","-2.959999","","","","","","-2.646885","-2.959999","","","","","","","","D1 PROFILE","","","","",""
"62501600000424","Nodes","424","21.000000","32.829894","DDS demands","Known Flow","228538.203344","643033.952185","","0.000000","","","","","","-11.819999","","","","","","-10.569655","-11.819999","","","","","","","","D1 PROFILE","","","","",""
"62501600000746","Nodes","746","21.000000","32.173964","DDS demands","Known Flow","228615.328365","643040.702187","","0.000000","","","","","","-11.239999","","","","","","-10.051008","-11.239999","","","","","","","","D1 PROFILE","","","","",""
"62501600000743","Nodes","743","21.000000","33.029532","DDS demands","Known Flow","228564.828351","643134.702212","","0.000000","","","","","","-23.190000","","","","","","-20.736913","-23.190000","","","","","","","","D1 PROFILE","","","","",""
"62501600003831","Nodes","-4904556","21.000000","32.738176","Default Known Flow Node","Known Flow","228632.995434","643124.562333","","0.000000","","","","","","","","","","","","0.000000","0.000000","","","","","","","","","","","","",""
"62501600000041","Nodes","41","21.000000","33.300466","DDS demands","Known Flow","228579.828355","643191.327228","","0.000000","","","","","","-17.329999","","","","","","-15.496796","-17.329999","","","","","","","","D1 PROFILE","","","","",""
"62501600000044","Nodes","44","21.000000","33.932754","DDS demands","Known Flow","228653.453375","643170.452222","","0.000000","","","","","","-8.090000","","","","","","-7.234223","-8.090000","","","","","","","","D1 PROFILE","","","","",""
"62501600000429","Nodes","429","21.000000","34.109587","DDS demands","Known Flow","228662.463499","643204.180345","","0.000000","","","","","","-4.110000","","","","","","-3.675235","-4.110000","","","","","","","","D1 PROFILE","","","","",""
"62501600000040","Nodes","40","21.000000","33.130074","DDS demands","Known Flow","228601.578361","643271.952250","","0.000000","","","","","","-6.740000","","","","","","-6.027028","-6.740000","","","","","","","","D1 PROFILE","","","","",""
"62501600000747","Nodes","747","21.000000","32.919241","DDS demands","Known Flow","228559.578350","643254.577245","","0.000000","","","","","","-5.800000","","","","","","-5.186464","-5.800000","","","","","","","","D1 PROFILE","","","","",""
"62501600000425","Nodes","425","21.000000","33.152518","DDS demands","Known Flow","228615.203365","643280.077252","","0.000000","","","","","","-9.220000","","","","","","-8.244689","-9.220000","","","","","","","","D1 PROFILE","","","","",""
"62501600003615","Nodes","-1462605","21.000000","33.109378","Default Known Flow Node","Known Flow","228606.453362","643248.077243","","0.000000","","","","","","","","","","","","0.000000","0.000000","","","","","","","","","","","","",""
"62501600000426","Nodes","426","21.000000","33.209962","DDS demands","Known Flow","228628.078368","643325.327264","","0.000000","","","","","","-4.519999","","","","","","-4.041864","-4.519999","","","","","","","","D1 PROFILE","","","","",""
"62501600000428","Nodes","428","21.000000","33.164050","DDS demands","Known Flow","228660.578377","643315.827262","","0.000000","","","","","","-6.749999","","","","","","-6.035970","-6.749999","","","","","","","","D1 PROFILE","","","","",""
"62501600003741","Nodes","-1462944","21.000000","33.164050","Default Known Flow Node","Known Flow","228674.453381","643294.577256","","0.000000","","","","","","","","","","","","0.000000","0.000000","","","","","","","","","","","","",""
"62501600000421","Nodes","421","21.000000","27.644156","DDS demands","Known Flow","228668.953379","643429.202292","","0.000000","","","","","","-3.450000","","","","","","-3.085051","-3.450000","","","","","","","","D1 PROFILE","","","","",""
"62501600000353","Nodes","353","21.000000","27.504401","DDS demands","Known Flow","228625.953368","643450.077298","","0.000000","","","","","","-3.599999","","","","","","-3.219184","-3.599999","","","","","","","","D1 PROFILE","","","","",""
"62501600000350","Nodes","350","21.000000","27.943589","DDS demands","Known Flow","228667.328379","643482.077307","","0.000000","","","","","","-4.210000","","","","","","-3.764657","-4.210000","","","","","","","","D1 PROFILE","","","","",""
"62501600000422","Nodes","422","21.000000","27.503322","DDS demands","Known Flow","228670.828380","643405.452286","","0.000000","","","","","","-2.519999","","","","","","-2.253428","-2.519999","","","","","","","","D1 PROFILE","","","","",""
"62501600000415","Nodes","415","21.000000","28.385443","DDS demands","Known Flow","228695.453387","643476.327305","","0.000000","","","","","","-12.369999","","","","","","-11.061474","-12.369999","","","","","","","","D1 PROFILE","","","","",""
"62501600000300","Nodes","300","21.000000","27.850445","DDS demands","Known Flow","228655.328376","643484.577308","","0.000000","","","","","","-17.129999","","","","","","-15.317952","-17.129999","","","","","","","","D1 PROFILE","","","","",""
"62501600003578","Nodes","-1462487","21.000000","33.956614","Default Known Flow Node","Known Flow","228678.203382","643054.702191","","0.000000","","","","","","","","","","","","0.000000","0.000000","","","","","","","","","","","","",""
"62501600000045","Nodes","45","21.000000","34.299802","Default Known Flow Node","Known Flow","228766.100504","643184.661719","","0.000000","","","","","","","","","","","","0.000000","0.000000","","","","","","","","","","","","",""
"62501600003800","Nodes","-391","21.000000","34.866741","Default Known Flow Node","Known Flow","228772.953405","643161.577217","","0.000000","","","","","","","","","","","","0.000000","0.000000","","","","","","","","","","","","",""
"62501600003802","Nodes","-407","21.000000","34.298547","Default Known Flow Node","Known Flow","228764.082986","643184.870072","","0.000000","","","","","","","","","","","","0.000000","0.000000","","","","","","","","","","","","",""
"62501600000048","Nodes","48","21.000000","33.051685","DDS demands","Known Flow","228815.719419","643111.900206","","0.000000","","","","","","-5.960000","","","","","","-5.329538","-5.960000","","","","","","","","D1 PROFILE","","","","",""
"62501600003797","Nodes","-350","21.000000","32.991732","Default Known Flow Node","Known Flow","228815.968419","643103.942204","","0.000000","","","","","","","","","","","","0.000000","0.000000","","","","","","","","","","","","",""
"62501600000047","Nodes","47","21.000000","33.315959","DDS demands","Known Flow","228843.454597","643178.306420","","0.000000","","","","","","-14.510000","","","","","","-12.975102","-14.510000","","","","","","","","D1 PROFILE","","","","",""
"62501600000052","Nodes","52","21.000000","33.403434","DDS demands","Known Flow","228872.345435","643202.374231","","0.000000","","","","","","-5.630000","","","","","","-5.034446","-5.630000","","","","","","","","D1 PROFILE","","","","",""
"62501600000058","Nodes","58","21.000000","32.941758","DDS demands","Known Flow","228901.882443","643339.303268","","0.000000","","","","","","-2.850000","","","","","","-2.548521","-2.850000","","","","","","","","D1 PROFILE","","","","",""
"62501600000059","Nodes","59","21.000000","33.452091","DDS demands","Known Flow","228905.066444","643276.996251","","0.000000","","","","","","-18.660000","","","","","","-16.686106","-18.660000","","","","","","","","D1 PROFILE","","","","",""
"62501600000412","Nodes","412","21.000000","33.189837","Default Known Flow Node","Known Flow","228903.686379","643303.962799","","0.000000","","","","","","","","","","","","0.000000","0.000000","","","","","","","","","","","","",""
"62501600000158","Nodes","158","21.000000","32.769759","DDS demands","Known Flow","228904.212443","643359.197273","","0.000000","","","","","","-6.229999","","","","","","-5.570977","-6.229999","","","","","","","","D1 PROFILE","","","","",""
"62501600000046","Nodes","46","21.000000","34.091152","DDS demands","Known Flow","228785.716170","643233.324615","","0.000000","","","","","","-5.650000","","","","","","-5.052331","-5.650000","","","","","","","","D1 PROFILE","","","","",""
"62501600000607","Nodes","","21.000000","34.085072","DDS demands","Known Flow","228787.438412","643233.442239","","0.000000","","","","","","-1.039999","","","","","","-0.929986","-1.039999","","","","","","","","D1 PROFILE","","","","",""
"62501600000414","Nodes","414","21.000000","32.317286","DDS demands","Known Flow","228986.703466","643360.702274","","0.000000","","","","","","-7.250000","","","","","","-6.483080","-7.250000","","","","","","","","D1 PROFILE","","","","",""
"62501600000423","Nodes","423","21.000000","27.347973","DDS demands","Known Flow","228718.203393","643358.952273","","0.000000","","","","","","-3.540000","","","","","","-3.165531","-3.540000","","","","","","","","D1 PROFILE","","","","",""
"62501600003679","Nodes","-1462768","21.000000","34.198007","Default Known Flow Node","Known Flow","228726.203395","643187.452227","","0.000000","","","","","","","","","","","","0.000000","0.000000","","","","","","","","","","","","",""
"62501600000744","Nodes","744","21.000000","32.709689","DDS demands","Known Flow","228629.828369","643113.202206","","0.000000","","","","","","-6.350000","","","","","","-5.678283","-6.350000","","","","","","","","D1 PROFILE","","","","",""
"62501600003804","Nodes","-425","21.000000","34.111946","Default Known Flow Node","Known Flow","228664.680378","643214.723234","","0.000000","","","","","","","","","","","","0.000000","0.000000","","","","","","","","","","","","",""
"62501600003789","Nodes","-319","21.000000","33.964903","Default Known Flow Node","Known Flow","228701.077311","643060.953920","","0.000000","","","","","","","","","","","","0.000000","0.000000","","","","","","","","","","","","",""
"62501600003676","Nodes","-1462759","21.000000","33.964903","Default Known Flow Node","Known Flow","228706.703390","643059.202192","","0.000000","","","","","","","","","","","","0.000000","0.000000","","","","","","","","","","","","",""
"62501600003685","Nodes","-1462784","21.000000","33.964903","Default Known Flow Node","Known Flow","228695.953387","643062.077193","","0.000000","","","","","","","","","","","","0.000000","0.000000","","","","","","","","","","","","",""
"62501600003684","Nodes","-1462780","21.000000","34.158101","Default Known Flow Node","Known Flow","228701.311887","643195.176880","","0.000000","","","","","","","","","","","","0.000000","0.000000","","","","","","","","","","","","",""
"62501600000006","Nodes","Prestonfield Avenue DG, Clocked, Site ID 3487","21.000000","29.000000","Default Known Pressure Node","Known Pressure","228734.033299","643465.130975","","999998.967025","","","","","","","","","","","","156.559662","175.079999","","","","","","","","","","","","",""
"62501600003752","Nodes","-1462977","21.000000","34.823759","Default Known Flow Node","Known Flow","228775.203408","643161.577220","","0.000000","","","","","","","","","","","","0.000000","0.000000","","","","","","","","","","","","",""
"62501600000001","Nodes","Whitehurst Park Road DG, Clocked, Site ID 3488","21.000000","34.999999","Default Known Pressure Node","Known Pressure","228773.203408","643157.202218","","999998.967025","","","","","","","","","","","","536.787719","600.287370","","","","","","","","","","","","",""
"62501600000051","Nodes","51","21.000000","32.801384","DDS demands","Known Flow","228831.842424","643104.629204","","0.000000","","","","","","-2.269999","","","","","","-2.029874","-2.269999","","","","","","","","D1 PROFILE","","","","",""
"62501600003576","Nodes","-1462481","21.000000","26.476490","Default Known Flow Node","Known Flow","228960.828459","643015.952180","","0.000000","","","","","","","","","","","","0.000000","0.000000","","","","","","","","","","","","",""
"62501600000645","Nodes","645","21.000000","26.429491","Default Known Flow Node","Known Flow","228983.703465","643024.702182","","0.000000","","","","","","","","","","","","0.000000","0.000000","","","","","","","","","","","","",""
"62501600000157","Nodes","157","21.000000","28.632651","DDS demands","Known Flow","228990.328467","643420.952290","","0.000000","","","","","","-30.280001","","","","","","-27.076918","-30.280001","","","","","","","","D1 PROFILE","","","","",""
"62501600003852","Nodes","-522","21.000000","28.612812","Default Known Flow Node","Known Flow","229001.453470","643411.702288","","0.000000","","","","","","","","","","","","0.000000","0.000000","","","","","","","","","","","","",""
"62501600003641","Nodes","-1462668","21.000000","26.403551","Default Known Flow Node","Known Flow","229020.328475","643024.077182","","0.000000","","","","","","","","","","","","0.000000","0.000000","","","","","","","","","","","","",""
"62501600000102","Nodes","102","21.000000","33.937619","DDS demands","Known Flow","229246.953537","643397.827284","","0.000000","","","","","","-10.119999","","","","","","-9.049484","-10.119999","","","","","","","","D1 PROFILE","","","","",""
"62501600000100","Nodes","100","21.000000","34.031176","DDS demands","Known Flow","229211.828527","643424.327291","","0.000000","","","","","","-8.499999","","","","","","-7.600851","-8.499999","","","","","","","","D1 PROFILE","","","","",""
"62501600003866","Nodes","-563","21.000000","28.137359","Default Known Flow Node","Known Flow","229081.078491","643485.327308","","0.000000","","","","","","","","","","","","0.000000","0.000000","","","","","","","","","","","","",""
"62501600000155","Nodes","155","21.000000","28.180822","DDS demands","Known Flow","229070.952175","643492.200373","","0.000000","","","","","","-14.930000","","","","","","-13.350673","-14.930000","","","","","","","","D1 PROFILE","","","","",""
"62501600003619","Nodes","-1462615","21.000000","34.942420","Default Known Flow Node","Known Flow","229312.578554","643341.077268","","0.000000","","","","","","","","","","","","0.000000","0.000000","","","","","","","","","","","","",""
"62501600003825","Nodes","-485","21.000000","34.942420","Default Known Flow Node","Known Flow","229311.578554","643342.702269","","0.000000","","","","","","","","","","","","0.000000","0.000000","","","","","","","","","","","","",""
"62501600003661","Nodes","-1462718","21.000000","35.016318","Default Known Flow Node","Known Flow","229326.953558","643360.327274","","0.000000","","","","","","","","","","","","0.000000","0.000000","","","","","","","","","","","","",""
"62501600000780","Nodes","780","21.000000","35.016318","Default Known Flow Node","Known Flow","229325.704222","643361.955891","","0.000000","","","","","","","","","","","","0.000000","0.000000","","","","","","","","","","","","",""
"62501600000132","Nodes","132","21.000000","24.164915","DDS demands","Known Flow","229417.078583","643026.202183","","0.000000","","","","","","-17.989999","","","","","","-16.086979","-17.989999","","","","","","","","D1 PROFILE","","","","",""
"62501600000131","Nodes","131","21.000000","24.802496","DDS demands","Known Flow","229442.203590","643074.702196","","0.000000","","","","","","-12.770000","","","","","","-11.419162","-12.770000","","","","","","","","D1 PROFILE","","","","",""
"62501600003572","Nodes","-1462474","21.000000","26.394050","Default Known Flow Node","Known Flow","229020.703475","643010.452179","","0.000000","","","","","","","","","","","","0.000000","0.000000","","","","","","","","","","","","",""
"62501600003850","Nodes","-518","21.000000","26.230383","Default Known Flow Node","Known Flow","229038.828480","643400.577285","","0.000000","","","","","","","","","","","","0.000000","0.000000","","","","","","","","","","","","",""
"62501600003851","Nodes","-520","21.000000","27.308390","Default Known Flow Node","Known Flow","229021.701999","643403.074997","","0.000000","","","","","","","","","","","","0.000000","0.000000","","","","","","","","","","","","",""
"62501600000128","Nodes","128","21.000000","24.991486","DDS demands","Known Flow","229447.328591","643123.327209","","0.000000","","","","","","-26.359999","","","","","","-23.571583","-26.359999","","","","","","","","D1 PROFILE","","","","",""
"62501600000126","Nodes","126","21.000000","24.039897","DDS demands","Known Flow","229470.078597","643180.577225","","0.000000","-1.599999","","","","","-18.340000","","","","","","-17.830705","-19.940000","","","C1 PROFILE","","","","","D1 PROFILE","","","","",""
"62501600000124","Nodes","124","21.000000","23.809803","DDS demands","Known Flow","229492.328603","643232.702239","","0.000000","","","","","","-16.309999","","","","","","-14.584693","-16.309999","","","","","","","","D1 PROFILE","","","","",""
"62501600003854","Nodes","-533","21.000000","34.023666","Default Known Flow Node","Known Flow","229185.828520","643444.577297","","0.000000","","","","","","","","","","","","0.000000","0.000000","","","","","","","","","","","","",""
"62501600003691","Nodes","-1462799","21.000000","33.937619","Default Known Flow Node","Known Flow","229280.703546","643427.827292","","0.000000","","","","","","","","","","","","0.000000","0.000000","","","","","","","","","","","","",""
"62501600000355","Nodes","355","21.000000","33.813555","DDS demands","Known Flow","229145.328509","643475.702305","","0.000000","","","","","","-11.969999","","","","","","-10.703788","-11.969999","","","","","","","","D1 PROFILE","","","","",""
"62501600000004","Nodes","Cambusdoon Place DG, Clocked, Site ID 3482","21.000000","24.999999","Default Known Pressure Node","Known Pressure","229446.536867","643114.017954","","999998.967025","","","","","","","","","","","","555.953143","621.720006","","","","","","","","","","","","",""
"62501600000777","Nodes","777","21.000000","34.895303","DDS demands","Known Flow","229427.953586","643428.327292","","0.000000","-5.090000","","","","","-17.950000","","","","","","-20.602781","-23.040000","","","C1 PROFILE","","","","","D1 PROFILE","","","","",""
"62501600000778","Nodes","778","21.000000","35.028458","DDS demands","Known Flow","229330.078559","643358.827273","","0.000000","","","","","","-12.489999","","","","","","-11.168782","-12.489999","","","","","","","","D1 PROFILE","","","","",""
"62501600000781","Nodes","781","21.000000","35.067018","Default Known Flow Node","Known Flow","229477.203599","643373.702277","","0.000000","","","","","","","","","","","","0.000000","0.000000","","","","","","","","","","","","",""
"62501600003840","Nodes","-493","21.000000","34.956363","Default Known Flow Node","Known Flow","229308.330930","643348.454461","","0.000000","","","","","","","","","","","","0.000000","0.000000","","","","","","","","","","","","",""
"62501600000097","Nodes","97","21.000000","34.671605","DDS demands","Known Flow","229316.953556","643479.702306","","0.000000","","","","","","-3.489999","","","","","","-3.120820","-3.489999","","","","","","","","D1 PROFILE","","","","",""
"62501600000802","Nodes","P11125799, Winton Avenue, -35.9","24.000000","30.456808","CSEP DDS Matched","Known Flow","229379.657309","643252.867437","","0.000000","","","","","","-7.900000","-35.900001","","","","","-39.166744","-43.800002","","","","","","","","D1 PROFILE","DC PROFILE","","","",""
"62501600000775","Nodes","775","21.000000","33.287313","DDS demands","Known Flow","229314.703555","643320.327263","","0.000000","","","","","","-3.359999","","","","","","-3.004572","-3.359999","","","","","","","","D1 PROFILE","","","","",""
"62501600003805","Nodes","-435","21.000000","31.309007","Default Known Flow Node","Known Flow","229337.453561","643232.702239","","0.000000","","","","","","","","","","","","0.000000","0.000000","","","","","","","","","","","","",""
"62501600000584","Nodes","584","21.000000","32.423704","Default Known Flow Node","Known Flow","229191.453522","643241.327241","","0.000000","","","","","","","","","","","","0.000000","0.000000","","","","","","","","","","","","",""
"62501600000773","Nodes","773","21.000000","33.501869","DDS demands","Known Flow","229304.352443","643326.974019","","0.000000","","","","","","-4.849999","","","","","","-4.336956","-4.849999","","","","","","","","D1 PROFILE","","","","",""
"62501600000582","Nodes","582","21.000000","33.393342","DDS demands","Known Flow","229296.453550","643320.202263","","0.000000","","","","","","-15.489999","","","","","","-13.851434","-15.489999","","","","","","","","D1 PROFILE","","","","",""
"62501600003709","Nodes","-1462856","21.000000","33.287313","Default Known Flow Node","Known Flow","229312.578554","643322.577263","","0.000000","","","","","","","","","","","","0.000000","0.000000","","","","","","","","","","","","",""
"62501600003820","Nodes","-470","21.000000","34.009494","Default Known Flow Node","Known Flow","229298.453551","643333.452266","","0.000000","","","","","","","","","","","","0.000000","0.000000","","","","","","","","","","","","",""
"62501600000579","Nodes","McLuckie Drive DG, Profiled, Tel, Site ID 3486","21.000000","34.999999","Default Known Pressure Node","Known Pressure","229305.453553","643353.452272","","999998.967025","","","","","","","","","","","","245.883717","274.970689","","","","","","","","","","","","",""
"62501600003836","Nodes","-4904592","21.000000","28.558333","Default Known Flow Node","Known Flow","229000.451353","643437.074102","","0.000000","","","","","","","","","","","","0.000000","0.000000","","","","","","","","","","","","",""
"62501600000093","Nodes","93","21.000000","32.071540","DDS demands","Known Flow","229126.203504","643197.702229","","0.000000","","","","","","-13.460000","","","","","","-12.036173","-13.460000","","","","","","","","D1 PROFILE","","","","",""
"62501600003849","Nodes","-517","21.000000","27.487276","Default Known Flow Node","Known Flow","229019.953475","643400.077285","","0.000000","","","","","","","","","","","","0.000000","0.000000","","","","","","","","","","","","",""
"62501600003763","Nodes","-1462999","21.000000","27.308390","Default Known Flow Node","Known Flow","229000.953470","643418.827290","","0.000000","","","","","","","","","","","","0.000000","0.000000","","","","","","","","","","","","",""
"62501600000125","Nodes","125","21.000000","23.659245","DDS demands","Known Flow","229571.010375","643198.267780","","0.000000","","","","","","-21.190000","","","","","","-18.948478","-21.190000","","","","","","","","D1 PROFILE","","","","",""
"62501600000129","Nodes","129","21.000000","24.664909","DDS demands","Known Flow","229671.578652","643024.202182","","0.000000","","","","","","-30.679999","","","","","","-27.434605","-30.679999","","","","","","","","D1 PROFILE","","","","",""
"62501600000127","Nodes","127","21.000000","23.482362","DDS demands","Known Flow","229649.578646","643102.452204","","0.000000","-15.999999","","","","","-16.530000","","","","","","-29.088907","-32.530000","","","C1 PROFILE","","","","","D1 PROFILE","","","","",""
"62501600003808","Nodes","-447","21.000000","23.762555","Default Known Flow Node","Known Flow","229512.453609","643274.327250","","0.000000","","","","","","","","","","","","0.000000","0.000000","","","","","","","","","","","","",""
"62501600000276","Nodes","276","21.000000","24.571625","DDS demands","Known Flow","229673.078653","642968.702167","","0.000000","","","","","","-20.309998","","","","","","-18.161563","-20.309998","","","","","","","","D1 PROFILE","","","","",""
"62501600000122","Nodes","122","21.000000","23.761498","DDS demands","Known Flow","229531.953614","643313.577261","","0.000000","","","","","","-5.169999","","","","","","-4.623106","-5.169999","","","","","","","","D1 PROFILE","","","","",""
"62501600003843","Nodes","-498","21.000000","23.923139","Default Known Flow Node","Known Flow","229551.578619","643353.827272","","0.000000","","","","","","","","","","","","0.000000","0.000000","","","","","","","","","","","","",""
"62501600000401","Nodes","401","21.000000","35.417793","DDS demands","Known Flow","229750.953674","643302.077258","","0.000000","","-4.670000","","","","","","","","","","-4.175997","-4.670000","","","","C2 PROFILE","","","","","","","","",""
"62501600003812","Nodes","-453","21.000000","35.452655","DDS demands","Known Flow","229774.453680","643299.952257","","0.000000","","-27.969999","","","","","","","","","","-25.011273","-27.969999","","","","C2 PROFILE","","","","","","","","",""
"62501600000116","Nodes","116","21.000000","35.742870","Default Known Flow Node","Known Flow","229921.953720","643360.577274","","0.000000","","","","","","","","","","","","0.000000","0.000000","","","","","","","","","","","","",""
"62501600003846","Nodes","-505","21.000000","35.742870","Default Known Flow Node","Known Flow","229931.115667","643359.564959","","0.000000","","","","","","","","","","","","0.000000","0.000000","","","","","","","","","","","","",""
"62501600000121","Nodes","121","21.000000","23.912627","DDS demands","Known Flow","229582.703628","643337.327267","","0.000000","","","","","","-13.970000","","","","","","-12.492224","-13.970000","","","","","","","","D1 PROFILE","","","","",""
"62501600000615","Nodes","615","21.000000","31.879310","DDS demands","Known Flow","229812.070887","643377.954046","","0.000000","","","","","","-16.249999","","","","","","-14.531040","-16.249999","","","","","","","","D1 PROFILE","","","","",""
"62501600003848","Nodes","-515","21.000000","31.836171","Default Known Flow Node","Known Flow","229839.578698","643395.952283","","0.000000","","","","","","","","","","","","0.000000","0.000000","","","","","","","","","","","","",""
"62501600003618","Nodes","-1462614","21.000000","34.233971","Default Known Flow Node","Known Flow","229683.453655","643471.202304","","0.000000","","","","","","","","","","","","0.000000","0.000000","","","","","","","","","","","","",""
"62501600000616","Nodes","616","21.000000","34.148031","DDS demands","Known Flow","229685.358746","643476.942319","","0.000000","-0.009999","","-10.869999","","","-15.520000","","-8.430000","","","","-31.145609","-34.830000","","","C1 PROFILE","","C3 PROFILE","","","D1 PROFILE","","DM PROFILE","","",""
"62501600000105","Nodes","105","21.000000","35.012706","Default Known Flow Node","Known Flow","229683.828655","643458.702301","","0.000000","","","","","","","","","","","","0.000000","0.000000","","","","","","","","","","","","",""
"62501600000106","Nodes","106","21.000000","34.998405","Default Known Flow Node","Known Flow","229658.953649","643471.702304","","0.000000","","","","","","","","","","","","0.000000","0.000000","","","","","","","","","","","","",""
"62501600003860","Nodes","-547","21.000000","35.330694","Default Known Flow Node","Known Flow","229941.453726","643471.577304","","0.000000","","","","","","","","","","","","0.000000","0.000000","","","","","","","","","","","","",""
"62501600003862","Nodes","-552","21.000000","35.330694","Default Known Flow Node","Known Flow","229941.703726","643473.202304","","0.000000","","","","","","","","","","","","0.000000","0.000000","","","","","","","","","","","","",""
"62501600003761","Nodes","-1462996","21.000000","35.767261","Default Known Flow Node","Known Flow","229946.453727","643353.952272","","0.000000","","","","","","","","","","","","0.000000","0.000000","","","","","","","","","","","","",""
"62501600000610","Nodes","610","21.000000","35.767261","DDS demands","Known Flow","229948.844745","643353.758770","","0.000000","","","","-1.549999","","-0.029999","","","","","","-1.412864","-1.580000","","","","","","C4 PROFILE","","D1 PROFILE","","","","",""
"62501600003809","Nodes","-448","21.000000","23.706717","Default Known Flow Node","Known Flow","229574.328626","643274.827250","","0.000000","","","","","","","","","","","","0.000000","0.000000","","","","","","","","","","","","",""
"62501600000614","Nodes","614","21.000000","35.349381","DDS demands","Known Flow","229846.203700","643348.202270","","0.000000","","","","","","-2.669999","","","","","","-2.387561","-2.669999","","","","","","","","D1 PROFILE","","","","",""
"62501600003844","Nodes","-500","21.000000","35.325537","Default Known Flow Node","Known Flow","229836.205719","643354.583960","","0.000000","","","","","","","","","","","","0.000000","0.000000","","","","","","","","","","","","",""
"62501600000113","Nodes","113","21.000000","35.526479","DDS demands","Known Flow","229938.703725","643463.202302","","0.000000","","","","","","-38.220001","","","","","","-34.177010","-38.220001","","","","","","","","D1 PROFILE","","","","",""
"62501600000446","Nodes","446","21.000000","35.543374","DDS demands","Known Flow","229937.203724","643441.327296","","0.000000","","-7.179999","","","","-10.410000","","","","","","-15.729293","-17.589999","","","","C2 PROFILE","","","","D1 PROFILE","","","","",""
"62501600003857","Nodes","-544","21.000000","35.348879","Default Known Flow Node","Known Flow","229938.703725","643467.452303","","0.000000","","","","","","","","","","","","0.000000","0.000000","","","","","","","","","","","","",""
"62501600000447","Nodes","447","21.000000","35.530322","DDS demands","Known Flow","229991.203739","643433.952294","","0.000000","","","","","","-7.099999","","","","","","-6.348946","-7.099999","","","","","","","","D1 PROFILE","","","","",""
"62501600000611","Nodes","611","21.000000","35.778994","DDS demands","Known Flow","229949.328728","643357.202273","","0.000000","-14.600000","","-26.040001","-11.459999","","-14.990000","","","-10.300000","","","-69.203525","-77.390004","","","C1 PROFILE","","C3 PROFILE","C4 PROFILE","","D1 PROFILE","","","I2 PROFILE","",""
"62501600000696","Nodes","696,","21.000000","35.547159","Default Known Flow Node","Known Flow","229902.414318","643336.332617","","0.000000","","","","","","","","","","","","0.000000","0.000000","","","","","","","","","","","","",""
"62501600003725","Nodes","","21.000000","35.547159","Default Known Flow Node","Known Flow","229902.578715","643333.702266","","0.000000","","","","","","","","","","","","0.000000","0.000000","","","","","","","","","","","","",""
"62501600000697","Nodes","697","21.000000","35.547159","Default Known Flow Node","Known Flow","229909.203717","643336.577267","","0.000000","","","","","","","","","","","","0.000000","0.000000","","","","","","","","","","","","",""
"62501600000613","Nodes","613","21.000000","35.547159","DDS demands","Known Flow","229889.703711","643337.577268","","0.000000","","","","","","-1.830000","","","","","","-1.636418","-1.830000","","","","","","","","D1 PROFILE","","","","",""
"62501600000468","Nodes","468","21.000000","23.348989","DDS demands","Known Flow","229705.203661","643142.577214","","0.000000","","","","","","-6.070000","","","","","","-5.427902","-6.070000","","","","","","","","D1 PROFILE","","","","",""
"62501600000469","Nodes","469","21.000000","23.236444","DDS demands","Known Flow","229714.703664","643090.827200","","0.000000","","","","","","-3.339999","","","","","","-2.986687","-3.339999","","","","","","","","D1 PROFILE","","","","",""
"62501600000470","Nodes","470","21.000000","22.906594","DDS demands","Known Flow","229672.828652","643258.577246","","0.000000","","","","","","-7.150000","","","","","","-6.393657","-7.150000","","","","","","","","D1 PROFILE","","","","",""
"62501600003708","Nodes","-1462854","21.000000","23.923139","Default Known Flow Node","Known Flow","229552.578620","643356.452273","","0.000000","","","","","","","","","","","","0.000000","0.000000","","","","","","","","","","","","",""
"62501600000123","Nodes","123","21.000000","23.696624","DDS demands","Known Flow","229620.703638","643240.577241","","0.000000","","","","","","-9.670000","","","","","","-8.647087","-9.670000","","","","","","","","D1 PROFILE","","","","",""
"62501600003818","Nodes","-466","21.000000","35.336016","Default Known Flow Node","Known Flow","229833.623942","643330.293823","","0.000000","","","","","","","","","","","","0.000000","0.000000","","","","","","","","","","","","",""
"62501600003823","Nodes","-479","21.000000","35.345600","Default Known Flow Node","Known Flow","229837.578566","643338.702136","","0.000000","","","","","","","","","","","","0.000000","0.000000","","","","","","","","","","","","",""
"62501600000117","Nodes","117","21.000000","35.345472","DDS demands","Known Flow","229838.453698","643341.202269","","0.000000","","","","","","-5.760000","","","","","","-5.150695","-5.760000","","","","","","","","D1 PROFILE","","","","",""
"62501600003845","Nodes","-502","21.000000","35.756670","Default Known Flow Node","Known Flow","229938.078725","643358.702273","","0.000000","","","","","","","","","","","","0.000000","0.000000","","","","","","","","","","","","",""
"62501600003682","Nodes","-1462774","21.000000","35.756670","Default Known Flow Node","Known Flow","229937.703725","643371.827277","","0.000000","","","","","","","","","","","","0.000000","0.000000","","","","","","","","","","","","",""
"62501600000767","Nodes","767","21.000000","35.014120","DDS demands","Known Flow","229690.328657","643472.577304","","0.000000","","","","","","-0.699999","","","","","","-0.625952","-0.699999","","","","","","","","D1 PROFILE","","","","",""
"62501600003724","Nodes","-1462888","21.000000","35.321357","Default Known Flow Node","Known Flow","229834.453696","643355.702272","","0.000000","","","","","","","","","","","","0.000000","0.000000","","","","","","","","","","","","",""
"62501600003863","Nodes","-553","21.000000","35.330694","Default Known Flow Node","Known Flow","229933.095316","643473.576198","","0.000000","","","","","","","","","","","","0.000000","0.000000","","","","","","","","","","","","",""
"62501600003867","Nodes","-565","21.000000","35.266950","Default Known Flow Node","Known Flow","229934.003502","643487.198990","","0.000000","","","","","","","","","","","","0.000000","0.000000","","","","","","","","","","","","",""
"62501600003868","Nodes","-566","21.000000","35.266950","Default Known Flow Node","Known Flow","229942.639583","643487.200748","","0.000000","","","","","","","","","","","","0.000000","0.000000","","","","","","","","","","","","",""
"62501600003864","Nodes","-554","21.000000","35.330694","Default Known Flow Node","Known Flow","229941.703726","643474.827305","","0.000000","","","","","","","","","","","","0.000000","0.000000","","","","","","","","","","","","",""
"62501600003841","Nodes","-495","21.000000","35.758265","Default Known Flow Node","Known Flow","229948.453727","643351.077271","","0.000000","","","","","","","","","","","","0.000000","0.000000","","","","","","","","","","","","",""
"62501600003606","Nodes","-1462581","21.000000","35.767261","Default Known Flow Node","Known Flow","229951.078728","643353.577272","","0.000000","","","","","","","","","","","","0.000000","0.000000","","","","","","","","","","","","",""
"62501600003627","Nodes","-1462636","21.000000","35.507567","Default Known Flow Node","Known Flow","229845.578699","643322.327263","","0.000000","","","","","","","","","","","","0.000000","0.000000","","","","","","","","","","","","",""
"62501600003738","Nodes","-1462932","21.000000","35.508730","Default Known Flow Node","Known Flow","229842.078699","643319.077263","","0.000000","","","","","","","","","","","","0.000000","0.000000","","","","","","","","","","","","",""
"62501600000301","Nodes","301","21.000000","25.470324","DDS demands","Known Flow","228584.453356","643505.202313","","0.000000","","","","","","-8.130000","","","","","","-7.269991","-8.130000","","","","","","","","D1 PROFILE","","","","",""
"62501600000159","Nodes","159","21.000000","28.786802","Default Known Flow Node","Known Flow","228949.828456","643482.327307","","0.000000","","","","","","","","","","","","0.000000","0.000000","","","","","","","","","","","","",""
"62501600000304","Nodes","304","21.000000","24.971226","DDS demands","Known Flow","228561.453350","643507.702314","","0.000000","","","","","","-11.689999","","","","","","-10.453406","-11.689999","","","","","","","","D1 PROFILE","","","","",""
"62501600000303","Nodes","303","21.000000","24.271117","DDS demands","Known Flow","228674.453381","643634.827348","","0.000000","","","","","","-8.560000","","","","","","-7.654505","-8.560000","","","","","","","","D1 PROFILE","","","","",""
"62501600000302","Nodes","302","21.000000","24.507002","DDS demands","Known Flow","228631.953369","643582.202334","","0.000000","","","","","","-7.190000","","","","","","-6.429426","-7.190000","","","","","","","","D1 PROFILE","","","","",""
"62501600000419","Nodes","419","21.000000","26.183047","DDS demands","Known Flow","228762.828405","643611.952342","","0.000000","","","","","","-3.069999","","","","","","-2.745248","-3.069999","","","","","","","","D1 PROFILE","","","","",""
"62501600000418","Nodes","418","21.000000","26.259385","DDS demands","Known Flow","228721.453394","643587.952336","","0.000000","","","","","","-12.270000","","","","","","-10.972053","-12.270000","","","","","","","","D1 PROFILE","","","","",""
"62501600000307","Nodes","307","21.000000","28.010880","Default Known Flow Node","Known Flow","228868.328434","643581.202334","","0.000000","","","","","","","","","","","","0.000000","0.000000","","","","","","","","","","","","",""
"62501600000151","Nodes","151","21.000000","27.967351","DDS demands","Known Flow","228920.078448","643648.077352","","0.000000","","","","","","-8.609999","","","","","","-7.699215","-8.609999","","","","","","","","D1 PROFILE","","","","",""
"62501600003660","Nodes","-1462716","21.000000","27.468142","Default Known Flow Node","Known Flow","228769.578407","643544.327324","","0.000000","","","","","","","","","","","","0.000000","0.000000","","","","","","","","","","","","",""
"62501600000417","Nodes","417","21.000000","27.380903","DDS demands","Known Flow","228758.139157","643516.391563","","0.000000","","","","","","-9.580000","","","","","","-8.566607","-9.580000","","","","","","","","D1 PROFILE","","","","",""
"62501600000305","Nodes","305","21.000000","22.433752","DDS demands","Known Flow","228550.328347","643593.702337","","0.000000","","","","","","-18.400000","","","","","","-16.453609","-18.400000","","","","","","","","D1 PROFILE","","","","",""
"62501600000306","Nodes","306","21.000000","22.128814","DDS demands","Known Flow","228618.578366","643658.077355","","0.000000","","","","","","-8.069999","","","","","","-7.216338","-8.069999","","","","","","","","D1 PROFILE","","","","",""
"62501600000354","Nodes","354","21.000000","23.408513","DDS demands","Known Flow","228624.703367","643389.577282","","0.000000","","","","","","-13.820000","","","","","","-12.358091","-13.820000","","","","","","","","D1 PROFILE","","","","",""
"62501600000416","Nodes","416","21.000000","27.861558","DDS demands","Known Flow","228698.328387","643529.577320","","0.000000","","","","","","-5.780000","","","","","","-5.168579","-5.780000","","","","","","","","D1 PROFILE","","","","",""
"62501600000420","Nodes","420","21.000000","25.624440","DDS demands","Known Flow","228807.578417","643627.577346","","0.000000","","","","","","-9.489999","","","","","","-8.486127","-9.489999","","","","","","","","D1 PROFILE","","","","",""
"62501600003593","Nodes","-1462538","21.000000","27.380903","Default Known Flow Node","Known Flow","228743.328400","643481.452307","","0.000000","","","","","","","","","","","","0.000000","0.000000","","","","","","","","","","","","",""
"62501600000308","Nodes","308","21.000000","27.842415","Default Known Flow Node","Known Flow","228929.703450","643572.327331","","0.000000","","","","","","","","","","","","0.000000","0.000000","","","","","","","","","","","","",""
"62501600000309","Nodes","309","21.000000","27.885928","Default Known Flow Node","Known Flow","228911.578445","643548.577325","","0.000000","","","","","","","","","","","","0.000000","0.000000","","","","","","","","","","","","",""
"62501600000321","Nodes","321","21.000000","27.885928","DDS demands","Known Flow","228962.578459","643618.452344","","0.000000","","","","","","-14.979999","","","","","","-13.395383","-14.979999","","","","","","","","D1 PROFILE","","","","",""
"62501600000150","Nodes","150","21.000000","27.855554","Default Known Flow Node","Known Flow","228980.453464","643605.577340","","0.000000","","","","","","","","","","","","0.000000","0.000000","","","","","","","","","","","","",""
"62501600003877","Nodes","-588","21.000000","34.110831","Default Known Flow Node","Known Flow","229308.703553","643530.077320","","0.000000","","","","","","","","","","","","0.000000","0.000000","","","","","","","","","","","","",""
"62501600000161","Nodes","161","21.000000","28.192181","DDS demands","Known Flow","229053.453484","643504.077313","","0.000000","","","","","","-10.280000","","","","","","-9.192560","-10.280000","","","","","","","","D1 PROFILE","","","","",""
"62501600003873","Nodes","-574","21.000000","28.113034","Default Known Flow Node","Known Flow","229078.953491","643502.827313","","0.000000","","","","","","","","","","","","0.000000","0.000000","","","","","","","","","","","","",""
"62501600003897","Nodes","-653","21.000000","27.580944","Default Known Flow Node","Known Flow","229023.078476","643665.077357","","0.000000","","","","","","","","","","","","0.000000","0.000000","","","","","","","","","","","","",""
"62501600000152","Nodes","152","21.000000","28.201148","DDS demands","Known Flow","229010.953472","643564.827329","","0.000000","","","","","","-20.440001","","","","","","-18.277815","-20.440001","","","","","","","","D1 PROFILE","","","","",""
"62501600003903","Nodes","-680","21.000000","25.928406","Default Known Flow Node","Known Flow","228992.203467","643728.702374","","0.000000","","","","","","","","","","","","0.000000","0.000000","","","","","","","","","","","","",""
"62501600000070","Nodes","70","21.000000","24.587435","DDS demands","Known Flow","229005.307947","643686.418040","","0.000000","","","","","","-14.860000","","","","","","-13.288078","-14.860000","","","","","","","","D1 PROFILE","","","","",""
"62501600000684","Nodes","684","21.000000","25.908916","DDS demands","Known Flow","229002.328470","643944.827433","","0.000000","","","","","","-21.249999","","","","","","-19.002130","-21.249999","","","","","","","","D1 PROFILE","","","","",""
"62501600000655","Nodes","655","21.000000","26.100960","DDS demands","Known Flow","229040.578480","643925.577428","","0.000000","","-6.000000","","","","-10.810000","","","","","","-15.031804","-16.810001","","","","C2 PROFILE","","","","D1 PROFILE","","","","",""
"62501600000322","Nodes","322","21.000000","28.106948","DDS demands","Known Flow","229029.703477","643593.327337","","0.000000","","","","","","-4.309999","","","","","","-3.854079","-4.309999","","","","","","","","D1 PROFILE","","","","",""
"62501600000083","Nodes","83","21.000000","25.618468","DDS demands","Known Flow","229160.828513","643770.952385","","0.000000","","","","","","-9.469999","","","","","","-8.468243","-9.469999","","","","","","","","D1 PROFILE","","","","",""
"62501600000081","Nodes","81","21.000000","25.670036","DDS demands","Known Flow","229119.953502","643750.077380","","0.000000","","","","","","-6.059999","","","","","","-5.418960","-6.059999","","","","","","","","D1 PROFILE","","","","",""
"62501600000680","Nodes","680","21.000000","41.337707","DDS demands","Known Flow","229320.078556","643967.827439","","0.000000","","","","","","-6.040000","","","","","","-5.401076","-6.040000","","","","","","","","D1 PROFILE","","","","",""
"62501600003963","Nodes","-790","21.000000","41.300950","Default Known Flow Node","Known Flow","229339.078562","643959.077437","","0.000000","","","","","","","","","","","","0.000000","0.000000","","","","","","","","","","","","",""
"62501600000667","Nodes","667","21.000000","31.328727","Default Known Flow Node","Known Flow","229323.953558","643799.952393","","0.000000","","","","","","","","","","","","0.000000","0.000000","","","","","","","","","","","","",""
"62501600000666","Nodes","666","21.000000","31.328727","DDS demands","Known Flow","229367.078569","643883.327416","","0.000000","","","","","","-12.960000","","","","","","-11.589064","-12.960000","","","","","","","","D1 PROFILE","","","","",""
"62501600000434","Nodes","434","21.000000","28.068207","DDS demands","Known Flow","229109.828499","643539.452322","","0.000000","","","","","","-4.880000","","","","","","-4.363783","-4.880000","","","","","","","","D1 PROFILE","","","","",""
"62501600000080","Nodes","80","21.000000","25.680193","DDS demands","Known Flow","229104.203498","643728.952374","","0.000000","","","","","","-7.989999","","","","","","-7.144800","-7.989999","","","","","","","","D1 PROFILE","","","","",""
"62501600000079","Nodes","79","21.000000","25.565734","Default Known Flow Node","Known Flow","229126.078504","643693.327364","","0.000000","","","","","","","","","","","","0.000000","0.000000","","","","","","","","","","","","",""
"62501600003900","Nodes","-660","21.000000","27.507489","Default Known Flow Node","Known Flow","229001.074498","643680.569839","","0.000000","","","","","","","","","","","","0.000000","0.000000","","","","","","","","","","","","",""
"62501600003883","Nodes","-606","21.000000","25.329714","Default Known Flow Node","Known Flow","229121.203502","643576.827333","","0.000000","","","","","","","","","","","","0.000000","0.000000","","","","","","","","","","","","",""
"62501600000074","Nodes","74","21.000000","24.930528","DDS demands","Known Flow","229126.203504","643573.577332","","0.000000","","","","","","-5.810000","","","","","","-5.195405","-5.810000","","","","","","","","D1 PROFILE","","","","",""
"62501600003713","Nodes","-1462865","21.000000","41.173450","Default Known Flow Node","Known Flow","229345.703563","643925.202427","","0.000000","","","","","","","","","","","","0.000000","0.000000","","","","","","","","","","","","",""
"62501600000358","Nodes","358","21.000000","32.682732","DDS demands","Known Flow","229186.054520","643537.472322","","0.000000","","","","","","-7.649999","","","","","","-6.840766","-7.649999","","","","","","","","D1 PROFILE","","","","",""
"62501600000357","Nodes","357","21.000000","32.989760","DDS demands","Known Flow","229224.008530","643592.884337","","0.000000","","","","","","-10.949999","","","","","","-9.791686","-10.949999","","","","","","","","D1 PROFILE","","","","",""
"62501600003908","Nodes","-695","21.000000","25.925757","Default Known Flow Node","Known Flow","229001.828470","643742.327378","","0.000000","","","","","","","","","","","","0.000000","0.000000","","","","","","","","","","","","",""
"62501600003915","Nodes","-709","21.000000","25.901057","Default Known Flow Node","Known Flow","229022.328475","643761.452383","","0.000000","","","","","","","","","","","","0.000000","0.000000","","","","","","","","","","","","",""
"62501600000133","Nodes","133","21.000000","25.812725","Default Known Flow Node","Known Flow","229027.828477","643769.577385","","0.000000","","","","","","","","","","","","0.000000","0.000000","","","","","","","","","","","","",""
"62501600003876","Nodes","-585","21.000000","33.978818","Default Known Flow Node","Known Flow","229380.953573","643523.327318","","0.000000","","","","","","","","","","","","0.000000","0.000000","","","","","","","","","","","","",""
"62501600000845","Nodes","845","21.000000","33.978818","Default Known Flow Node","Known Flow","229448.453591","643538.327322","","0.000000","","","","","","","","","","","","0.000000","0.000000","","","","","","","","","","","","",""
"62501600000067","Nodes","67","21.000000","25.916918","DDS demands","Known Flow","229006.453471","643749.077380","","0.000000","","","","","","-4.719999","","","","","","-4.220708","-4.719999","","","","","","","","D1 PROFILE","","","","",""
"62501600003909","Nodes","-697","21.000000","25.911678","Default Known Flow Node","Known Flow","229011.728531","643745.625217","","0.000000","","","","","","","","","","","","0.000000","0.000000","","","","","","","","","","","","",""
"62501600000154","Nodes","154","21.000000","28.203207","Default Known Flow Node","Known Flow","229055.453484","643534.577321","","0.000000","","","","","","","","","","","","0.000000","0.000000","","","","","","","","","","","","",""
"62501600000324","Nodes","324","21.000000","28.154208","DDS demands","Known Flow","229074.453490","643565.327330","","0.000000","","","","","","-4.070000","","","","","","-3.639466","-4.070000","","","","","","","","D1 PROFILE","","","","",""
"62501600003611","Nodes","-1462598","21.000000","25.908916","Default Known Flow Node","Known Flow","228985.828466","643967.202439","","0.000000","","","","","","","","","","","","0.000000","0.000000","","","","","","","","","","","","",""
"62501600003952","Nodes","-772","21.000000","26.250613","Default Known Flow Node","Known Flow","229114.094372","643925.219037","","0.000000","","","","","","","","","","","","0.000000","0.000000","","","","","","","","","","","","",""
"62501600000654","Nodes","654","21.000000","26.271436","DDS demands","Known Flow","229129.203505","643906.077422","","0.000000","","","","","","-16.260000","","","","","","-14.539983","-16.260000","","","","","","","","D1 PROFILE","","","","",""
"62501600000683","Nodes","683","21.000000","26.722914","Default Known Flow Node","Known Flow","229093.328495","643846.327406","","0.000000","","","","","","","","","","","","0.000000","0.000000","","","","","","","","","","","","",""
"62501600000657","Nodes","657","21.000000","26.260272","DDS demands","Known Flow","229178.826064","643950.449193","","0.000000","","","","","","-6.639999","","","","","","-5.937606","-6.639999","","","","","","","","D1 PROFILE","","","","",""
"62501600003964","Nodes","-791","21.000000","26.255581","Default Known Flow Node","Known Flow","229179.703694","643961.452262","","0.000000","","","","","","","","","","","","0.000000","0.000000","","","","","","","","","","","","",""
"62501600000682","Nodes","682","21.000000","26.447957","Default Known Flow Node","Known Flow","229060.453486","643860.577410","","0.000000","","","","","","","","","","","","0.000000","0.000000","","","","","","","","","","","","",""
"62501600000662","Nodes","662","21.000000","40.091098","DDS demands","Known Flow","229260.453540","643942.202432","","0.000000","","","","","","-12.289999","","","","","","-10.989937","-12.289999","","","","","","","","D1 PROFILE","","","","",""
"62501600000661","Nodes","661","21.000000","44.700395","DDS demands","Known Flow","229271.453543","643868.202412","","0.000000","","","","","","-6.480000","","","","","","-5.794532","-6.480000","","","","","","","","D1 PROFILE","","","","",""
"62501600000073","Nodes","73","21.000000","25.539038","DDS demands","Known Flow","229065.828487","643615.327343","","0.000000","","","","","","-4.860000","","","","","","-4.345898","-4.860000","","","","","","","","D1 PROFILE","","","","",""
"62501600000072","Nodes","72","21.000000","25.468178","DDS demands","Known Flow","229038.703480","643634.702348","","0.000000","","","","","","-7.089999","","","","","","-6.340004","-7.089999","","","","","","","","D1 PROFILE","","","","",""
"62501600003886","Nodes","-615","21.000000","25.431155","Default Known Flow Node","Known Flow","229087.328493","643600.452339","","0.000000","","","","","","","","","","","","0.000000","0.000000","","","","","","","","","","","","",""
"62501600000090","Nodes","90","21.000000","25.437628","DDS demands","Known Flow","229143.578508","643566.452330","","0.000000","","","","","","-2.250000","","","","","","-2.011990","-2.250000","","","","","","","","D1 PROFILE","","","","",""
"62501600000091","Nodes","91","21.000000","25.409144","DDS demands","Known Flow","229131.953505","643550.327325","","0.000000","","","","","","-4.210000","","","","","","-3.764657","-4.210000","","","","","","","","D1 PROFILE","","","","",""
"62501600000089","Nodes","89","21.000000","25.483770","DDS demands","Known Flow","229166.328515","643600.202339","","0.000000","","","","","","-4.960000","","","","","","-4.435321","-4.960000","","","","","","","","D1 PROFILE","","","","",""
"62501600003734","Nodes","-1462912","21.000000","25.396470","Default Known Flow Node","Known Flow","229176.203517","643593.452337","","0.000000","","","","","","","","","","","","0.000000","0.000000","","","","","","","","","","","","",""
"62501600000087","Nodes","87","21.000000","25.491749","DDS demands","Known Flow","229137.078507","643620.827345","","0.000000","","","","","","-5.689999","","","","","","-5.088099","-5.689999","","","","","","","","D1 PROFILE","","","","",""
"62501600000088","Nodes","88","21.000000","25.524416","DDS demands","Known Flow","229121.328502","643598.952339","","0.000000","","","","","","-2.219999","","","","","","-1.985163","-2.219999","","","","","","","","D1 PROFILE","","","","",""
"62501600000075","Nodes","75","21.000000","25.513341","DDS demands","Known Flow","229094.703495","643654.577354","","0.000000","","","","","","-6.910000","","","","","","-6.179045","-6.910000","","","","","","","","D1 PROFILE","","","","",""
"62501600000076","Nodes","76","21.000000","25.513082","DDS demands","Known Flow","229067.078488","643673.702359","","0.000000","","","","","","-1.200000","","","","","","-1.073061","-1.200000","","","","","","","","D1 PROFILE","","","","",""
"62501600000078","Nodes","78","21.000000","25.458609","DDS demands","Known Flow","229077.703491","643689.452363","","0.000000","","","","","","-2.619999","","","","","","-2.342850","-2.619999","","","","","","","","D1 PROFILE","","","","",""
"62501600000077","Nodes","77","21.000000","25.507953","DDS demands","Known Flow","229059.578486","643663.327356","","0.000000","","","","","","-2.200000","","","","","","-1.967279","-2.200000","","","","","","","","D1 PROFILE","","","","",""
"62501600003612","Nodes","-1462600","21.000000","25.424498","Default Known Flow Node","Known Flow","229027.953477","643619.827344","","0.000000","","","","","","","","","","","","0.000000","0.000000","","","","","","","","","","","","",""
"62501600003719","Nodes","-1462877","21.000000","25.468178","Default Known Flow Node","Known Flow","229047.078482","643645.952351","","0.000000","","","","","","","","","","","","0.000000","0.000000","","","","","","","","","","","","",""
"62501600000086","Nodes","86","21.000000","25.508559","DDS demands","Known Flow","229159.328513","643653.452353","","0.000000","","","","","","-14.630000","","","","","","-13.082408","-14.630000","","","","","","","","D1 PROFILE","","","","",""
"62501600003917","Nodes","-711","21.000000","25.618468","Default Known Flow Node","Known Flow","229170.826181","643764.324147","","0.000000","","","","","","","","","","","","0.000000","0.000000","","","","","","","","","","","","",""
"62501600000679","Nodes","679","21.000000","41.394875","DDS demands","Known Flow","229362.953568","643979.702442","","0.000000","","","","","","-10.329999","","","","","","-9.237270","-10.329999","","","","","","","","D1 PROFILE","","","","",""
"62501600000665","Nodes","665","21.000000","41.525823","DDS demands","Known Flow","229404.020825","643971.592879","","0.000000","","","","","","-11.989999","","","","","","-10.721671","-11.989999","","","","","","","","D1 PROFILE","","","","",""
"62501600000671","Nodes","671","21.000000","28.897735","DDS demands","Known Flow","229456.203594","643896.077420","","0.000000","","","","","","-13.340000","","","","","","-11.928867","-13.340000","","","","","","","","D1 PROFILE","","","","",""
"62501600000672","Nodes","672","21.000000","28.854452","DDS demands","Known Flow","229464.203596","643926.702428","","0.000000","","","","","","-3.940000","","","","","","-3.523218","-3.940000","","","","","","","","D1 PROFILE","","","","",""
"62501600000669","Nodes","669","21.000000","30.298679","DDS demands","Known Flow","229409.203581","643832.952402","","0.000000","","","","","","-2.369999","","","","","","-2.119296","-2.369999","","","","","","","","D1 PROFILE","","","","",""
"62501600003939","Nodes","-755","21.000000","29.209998","DDS demands","Known Flow","229453.703593","643873.702413","","0.000000","","","","","","-13.510000","","","","","","-12.080884","-13.510000","","","","","","","","D1 PROFILE","","","","",""
"62501600000670","Nodes","670","21.000000","30.158337","DDS demands","Known Flow","229376.203572","643792.077391","","0.000000","","","","","","-6.639999","","","","","","-5.937606","-6.639999","","","","","","","","D1 PROFILE","","","","",""
"62501600000668","Nodes","668","21.000000","30.937130","DDS demands","Known Flow","229384.578574","643848.702407","","0.000000","","","","","","-3.459999","","","","","","-3.093993","-3.459999","","","","","","","","D1 PROFILE","","","","",""
"62501600003966","Nodes","-793","21.000000","43.074865","Default Known Flow Node","Known Flow","229402.078579","643964.327438","","0.000000","","","","","","","","","","","","0.000000","0.000000","","","","","","","","","","","","",""
"62501600000663","Nodes","663","21.000000","39.457513","DDS demands","Known Flow","229295.328550","643888.952418","","0.000000","","","","","","-12.839999","","","","","","-11.481757","-12.839999","","","","","","","","D1 PROFILE","","","","",""
"62501600003968","Nodes","-798","21.000000","40.802908","Default Known Flow Node","Known Flow","229405.453580","643976.952442","","0.000000","","","","","","","","","","","","0.000000","0.000000","","","","","","","","","","","","",""
"62501600003920","Nodes","-717","21.000000","25.855481","Default Known Flow Node","Known Flow","229037.328480","643776.202387","","0.000000","","","","","","","","","","","","0.000000","0.000000","","","","","","","","","","","","",""
"62501600000064","Nodes","64","21.000000","25.855352","DDS demands","Known Flow","229032.328478","643779.952388","","0.000000","","","","","","-11.929999","","","","","","-10.668019","-11.929999","","","","","","","","D1 PROFILE","","","","",""
"62501600000063","Nodes","63","21.000000","25.759450","DDS demands","Known Flow","229097.017761","643809.602211","","0.000000","","","","","","-7.999999","","","","","","-7.153743","-7.999999","","","","","","","","D1 PROFILE","","","","",""
"62501600000071","Nodes","71","21.000000","25.402361","DDS demands","Known Flow","228992.076410","643667.324107","","0.000000","","","","","","-18.419999","","","","","","-16.471493","-18.419999","","","","","","","","D1 PROFILE","","","","",""
"62501600000002","Nodes","","0.000000","32.339059","Default Known Flow Node","Known Flow","229371.268014","643889.944835","","0.000000","","","","","","","","","","","","0.000000","0.000000","","","","","","","","","","","","",""
"62501600003921","Nodes","-718","21.000000","25.855487","Default Known Flow Node","Known Flow","229033.968479","643778.722388","","0.000000","","","","","","","","","","","","0.000000","0.000000","","","","","","","","","","","","",""
"62501600003710","Nodes","-1462860","21.000000","26.294261","Default Known Flow Node","Known Flow","229057.203485","643942.327432","","0.000000","","","","","","","","","","","","0.000000","0.000000","","","","","","","","","","","","",""
"62501600003701","Nodes","-1462836","21.000000","25.618468","Default Known Flow Node","Known Flow","229163.703514","643754.452381","","0.000000","","","","","","","","","","","","0.000000","0.000000","","","","","","","","","","","","",""
"62501600003967","Nodes","-794","21.000000","26.255398","Default Known Flow Node","Known Flow","229181.953519","643964.577438","","0.000000","","","","","","","","","","","","0.000000","0.000000","","","","","","","","","","","","",""
"62501600000658","Nodes","658","21.000000","26.214304","DDS demands","Known Flow","229193.578522","643980.952443","","0.000000","","","","","","-5.729999","","","","","","-5.123868","-5.729999","","","","","","","","D1 PROFILE","","","","",""
"62501600000673","Nodes","Woodside DG, Constant, Site ID 3489","21.000000","45.000001","Default Known Pressure Node","Known Pressure","229414.453582","643968.952439","","999998.967025","","","","","","","","","","","","1045.244700","1168.892649","","","","","","","","","","","","",""
"62501600003717","Nodes","-1462874","21.000000","24.587435","Default Known Flow Node","Known Flow","229009.757737","643683.281303","","0.000000","","","","","","","","","","","","0.000000","0.000000","","","","","","","","","","","","",""
"62501600003703","Nodes","-1462841","21.000000","32.946677","Default Known Flow Node","Known Flow","229239.206698","643615.410231","","0.000000","","","","","","","","","","","","0.000000","0.000000","","","","","","","","","","","","",""
"62501600000099","Nodes","99","21.000000","33.987874","DDS demands","Known Flow","229300.703551","643562.577329","","0.000000","","","","","","-9.980000","","","","","","-8.924294","-9.980000","","","","","","","","D1 PROFILE","","","","",""
"62501600000356","Nodes","356","21.000000","33.478185","DDS demands","Known Flow","229356.578566","643666.077357","","0.000000","","","","","","-10.580000","","","","","","-9.460826","-10.580000","","","","","","","","D1 PROFILE","","","","",""
"62501600000098","Nodes","98","21.000000","34.021798","DDS demands","Known Flow","229306.453553","643543.952324","","0.000000","","","","","","-43.799998","","","","","","-39.166744","-43.799998","","","","","","","","D1 PROFILE","","","","",""
"62501600003740","Nodes","-1462934","21.000000","29.209998","Default Known Flow Node","Known Flow","229450.578592","643767.202384","","0.000000","","","","","","","","","","","","0.000000","0.000000","","","","","","","","","","","","",""
"62501600000068","Nodes","68","21.000000","25.911080","Default Known Flow Node","Known Flow","229021.328475","643739.327377","","0.000000","","","","","","","","","","","","0.000000","0.000000","","","","","","","","","","","","",""
"62501600000069","Nodes","69","21.000000","25.775188","DDS demands","Known Flow","229037.328480","643729.202374","","0.000000","","","","","","-5.960000","","","","","","-5.329538","-5.960000","","","","","","","","D1 PROFILE","","","","",""
"62501600000153","Nodes","153","21.000000","28.160136","Default Known Flow Node","Known Flow","229045.828482","643521.202318","","0.000000","","","","","","","","","","","","0.000000","0.000000","","","","","","","","","","","","",""
"62501600003872","Nodes","-572","21.000000","28.196555","Default Known Flow Node","Known Flow","229051.291470","643500.726191","","0.000000","","","","","","","","","","","","0.000000","0.000000","","","","","","","","","","","","",""
"62501600003880","Nodes","-597","21.000000","28.294604","Default Known Flow Node","Known Flow","229001.703782","643551.075745","","0.000000","","","","","","","","","","","","0.000000","0.000000","","","","","","","","","","","","",""
"62501600000114","Nodes","114","21.000000","34.145705","DDS demands","Known Flow","229848.061002","643466.345722","","0.000000","","","","-1.279999","","-38.080002","","","","","","-35.196419","-39.360001","","","","","","C4 PROFILE","","D1 PROFILE","","","","",""
"62501600003881","Nodes","-599","21.000000","34.797499","Default Known Flow Node","Known Flow","229763.719176","643561.040813","","0.000000","","","","","","","","","","","","0.000000","0.000000","","","","","","","","","","","","",""
"62501600000617","Nodes","617","21.000000","30.172122","DDS demands","Known Flow","229699.271633","643698.575154","","0.000000","-7.400000","","","","","-12.830000","","","","","","-18.090028","-20.230000","","","C1 PROFILE","","","","","D1 PROFILE","","","","",""
"62501600000436","Nodes","436","21.000000","31.637014","DDS demands","Known Flow","229501.203606","643613.202343","","0.000000","","","","","","-10.110000","","","-11.660000","","","-19.467124","-21.769999","","","","","","","","D1 PROFILE","","","I2 PROFILE","",""
"62501600000435","Nodes","435","21.000000","34.060878","DDS demands","Known Flow","229559.828622","643511.327315","","0.000000","","-1.890000","","","","-18.129999","","","","","","-17.902240","-20.019998","","","","C2 PROFILE","","","","D1 PROFILE","","","","",""
"62501600003598","Nodes","-1462551","21.000000","35.230021","Default Known Flow Node","Known Flow","229941.578726","643574.952332","","0.000000","","","","","","","","","","","","0.000000","0.000000","","","","","","","","","","","","",""
"62501600003878","Nodes","-595","21.000000","35.230021","Default Known Flow Node","Known Flow","229941.953726","643549.452325","","0.000000","","","","","","","","","","","","0.000000","0.000000","","","","","","","","","","","","",""
"62501600003666","Nodes","-1462728","21.000000","34.060878","Default Known Flow Node","Known Flow","229561.578622","643508.952314","","0.000000","","","","","","","","","","","","0.000000","0.000000","","","","","","","","","","","","",""
"62501600000769","Nodes","769","21.000000","34.900041","Default Known Flow Node","Known Flow","229551.328619","643502.202312","","0.000000","","","","","","","","","","","","0.000000","0.000000","","","","","","","","","","","","",""
"62501600000768","Nodes","768","21.000000","34.909226","DDS demands","Known Flow","229571.453625","643506.452313","","0.000000","","","","-4.999999","","","","","","","","-4.471089","-4.999999","","","","","","C4 PROFILE","","","","","","",""
"62501600003882","Nodes","-604","21.000000","34.809828","Default Known Flow Node","Known Flow","229797.167785","643573.199595","","0.000000","","","","","","","","","","","","0.000000","0.000000","","","","","","","","","","","","",""
"62501600000519","Nodes","519","21.000000","35.191009","DDS demands","Known Flow","229927.578408","643731.829762","","0.000000","","","","","","-6.530000","","","","","","-5.839243","-6.530000","","","","","","","","D1 PROFILE","","","","",""
"62501600000450","Nodes","450","21.000000","36.212889","DDS demands","Known Flow","229931.781723","643927.716428","","0.000000","","","","","","-24.429999","","","","","","-21.845743","-24.429999","","","","","","","","D1 PROFILE","","","","",""
"62501600003907","Nodes","-691","21.000000","35.200338","Default Known Flow Node","Known Flow","229936.873112","643737.825751","","0.000000","","","","","","","","","","","","0.000000","0.000000","","","","","","","","","","","","",""
"62501600003644","Nodes","-1462676","21.000000","34.812059","Default Known Flow Node","Known Flow","229766.580920","643563.791572","","0.000000","","","","","","","","","","","","0.000000","0.000000","","","","","","","","","","","","",""
"62501600003735","Nodes","-1462914","21.000000","34.809828","Default Known Flow Node","Known Flow","229797.578686","643606.327341","","0.000000","","","","","","","","","","","","0.000000","0.000000","","","","","","","","","","","","",""
"62501600003956","Nodes","-781","21.000000","36.279530","Default Known Flow Node","Known Flow","229931.453723","643943.202432","","0.000000","","","","","","","","","","","","0.000000","0.000000","","","","","","","","","","","","",""
"62501600000507","Nodes","507","21.000000","35.199779","DDS demands","Known Flow","229936.953724","643733.827375","","0.000000","","","","","","-8.739999","","","","","","-7.815464","-8.739999","","","","","","","","D1 PROFILE","","","","",""
"62501600003762","Nodes","-1462998","21.000000","30.172122","Default Known Flow Node","Known Flow","229699.203660","643700.327366","","0.000000","","","","","","","","","","","","0.000000","0.000000","","","","","","","","","","","","",""
"62501600003589","Nodes","-1462524","21.000000","30.172122","Default Known Flow Node","Known Flow","229708.828662","643699.577366","","0.000000","","","","","","","","","","","","0.000000","0.000000","","","","","","","","","","","","",""
"62501600003875","Nodes","-582","21.000000","35.230021","Default Known Flow Node","Known Flow","229934.953724","643511.327315","","0.000000","","","","","","","","","","","","0.000000","0.000000","","","","","","","","","","","","",""
"62501600000664","Nodes","664","21.000000","39.564605","DDS demands","Known Flow","229268.203542","644007.577450","","0.000000","","","","","","-12.680000","","","","","","-11.338683","-12.680000","","","","","","","","D1 PROFILE","","","","",""
"62501600000686","Nodes","686","21.000000","26.310282","DDS demands","Known Flow","229094.828495","644026.077455","","0.000000","","","","","","-13.609999","","","","","","-12.170305","-13.609999","","","","","","","","D1 PROFILE","","","","",""
"62501600000674","Nodes","674","21.000000","38.984634","Default Known Flow Node","Known Flow","229413.953582","644040.577459","","0.000000","","","","","","","","","","","","0.000000","0.000000","","","","","","","","","","","","",""
"62501600000685","Nodes","685","21.000000","24.818850","DDS demands","Known Flow","229066.703488","644056.452463","","0.000000","","","","","","-13.260000","","","","","","-11.857329","-13.260000","","","","","","","","D1 PROFILE","","","","",""
"62501600003969","Nodes","-804","21.000000","25.337070","Default Known Flow Node","Known Flow","229051.453483","644004.202449","","0.000000","","","","","","","","","","","","0.000000","0.000000","","","","","","","","","","","","",""
"62501600003971","Nodes","-814","21.000000","37.655776","DDS demands","Known Flow","229464.578596","644047.327461","","0.000000","","","","","","-17.879999","","","","","","-15.988615","-17.879999","","","","","","","","D1 PROFILE","","","","",""
"62501600003970","Nodes","-810","21.000000","35.332815","DDS demands","Known Flow","229494.203604","644037.452458","","0.000000","","","","","","-17.580000","","","","","","-15.720351","-17.580000","","","","","","","","D1 PROFILE","","","","",""
"62501600003972","Nodes","-816","21.000000","38.919933","Default Known Flow Node","Known Flow","229296.953550","644056.952463","","0.000000","","","","","","","","","","","","0.000000","0.000000","","","","","","","","","","","","",""
"62501600000692","Nodes","692","21.000000","37.218108","DDS demands","Known Flow","229372.203571","644137.452485","","0.000000","","","","","","-16.679999","","","","","","-14.915554","-16.679999","","","","","","","","D1 PROFILE","","","","",""
"62501600000689","Nodes","689","21.000000","39.561095","DDS demands","Known Flow","229325.703558","644034.952457","","0.000000","","","","","","-6.540000","","","","","","-5.848185","-6.540000","","","","","","","","D1 PROFILE","","","","",""
"62501600000693","Nodes","693","21.000000","39.079726","DDS demands","Known Flow","229380.578573","644062.327465","","0.000000","","","","","","-7.070000","","","-4.369999","","","-10.229853","-11.440000","","","","","","","","D1 PROFILE","","","I2 PROFILE","",""
"62501600003751","Nodes","-1462972","21.000000","35.246965","Default Known Flow Node","Known Flow","229482.328601","644010.077451","","0.000000","","","","","","","","","","","","0.000000","0.000000","","","","","","","","","","","","",""
"62501600000807","Nodes","807","21.000000","31.557946","Default Known Flow Node","Known Flow","229318.203556","644428.077564","","0.000000","","","","","","","","","","","","0.000000","0.000000","","","","","","","","","","","","",""
"62501600000808","Nodes","P00034184, Woodside Road - Phase F and G, -238.2","35.000000","31.204917","CSEP DDS Matched","Known Flow","229326.328558","644456.327572","","0.000000","","","","","-31.049998","","-220.140007","","","","","-224.618598","-251.190001","","","","","","","CT PROFILE","","DC PROFILE","","","",""
"62501600000806","Nodes","806","21.000000","32.624486","Default Known Flow Node","Known Flow","229345.703563","644328.577537","","0.000000","","","","","","","","","","","","0.000000","0.000000","","","","","","","","","","","","",""
"62501600000812","Nodes","812","21.000000","28.021912","DDS demands","Known Flow","229285.453547","644302.952530","","0.000000","","","","","","-7.479999","","","","","","-6.688749","-7.479999","","","","","","","","D1 PROFILE","","","","",""
"62501600000810","Nodes","810","21.000000","29.465675","DDS demands","Known Flow","229306.203553","644311.202532","","0.000000","","","","","","-2.809999","","","","","","-2.512752","-2.809999","","","","","","","","D1 PROFILE","","","","",""
"62501600003632","Nodes","-1462648","21.000000","34.232571","DDS demands","Known Flow","229527.828613","644039.452459","","0.000000","","","","","","-15.739999","","","","","","-14.074989","-15.739999","","","","","","","","D1 PROFILE","","","","",""
"62501600000108","Nodes","108","21.000000","36.386840","DDS demands","Known Flow","229885.578710","644202.952503","","0.000000","","","","","","-17.499999","","","","","","-15.648813","-17.499999","","","","","","","","D1 PROFILE","","","","",""
"62501600003690","Nodes","","21.000000","35.873707","Default Known Flow Node","Known Flow","229743.766672","644266.137520","","0.000000","","","","","","","","","","","","0.000000","0.000000","","","","","","","","","","","","",""
"62501600000525","Nodes","525","21.000000","34.550208","DDS demands","Known Flow","229804.203688","644115.952479","","0.000000","","","","","","-17.889999","","","","","","-15.997558","-17.889999","","","","","","","","D1 PROFILE","","","","",""
"62501600003748","Nodes","-1462963","21.000000","34.736804","Default Known Flow Node","Known Flow","229800.078687","644206.577504","","0.000000","","","","","","","","","","","","0.000000","0.000000","","","","","","","","","","","","",""
"62501600000523","Nodes","523","21.000000","34.779799","DDS demands","Known Flow","229758.578676","644185.827498","","0.000000","","","","","","-13.020000","","","","","","-11.642717","-13.020000","","","","","","","","D1 PROFILE","","","","",""
"62501600000520","Nodes","520","21.000000","34.840941","DDS demands","Known Flow","229687.828657","644006.077449","","0.000000","","","","","","-30.270000","","","","","","-27.067975","-30.270000","","","","","","","","D1 PROFILE","","","","",""
"62501600000524","Nodes","524","21.000000","34.807888","DDS demands","Known Flow","229744.703672","644005.202449","","0.000000","","","","","","-3.079999","","","","","","-2.754191","-3.079999","","","","","","","","D1 PROFILE","","","","",""
"62501600000522","Nodes","522","21.000000","34.813313","DDS demands","Known Flow","229693.953658","644071.202467","","0.000000","","","","","","-17.320000","","","","","","-15.487854","-17.320000","","","","","","","","D1 PROFILE","","","","",""
"62501600000438","Nodes","438","21.000000","36.386400","DDS demands","Known Flow","229866.828705","644252.577517","","0.000000","","","","","","-3.209999","","","","","","-2.870439","-3.209999","","","","","","","","D1 PROFILE","","","","",""
"62501600000759","Nodes","759","21.000000","49.944474","Default Known Flow Node","Known Flow","229450.825592","645949.199978","","0.000000","","","","","","","","","","","","0.000000","0.000000","","","","","","","","","","","","",""
"62501600000844","Nodes","Dalry Road RRI,","21.000000","49.999998","Default Known Pressure Node","Known Pressure","229445.828591","645943.775977","","999998.967025","","","","","","","","","","","","10.203026","11.409999","","","","","","","","","","","","",""
"62501600000761","Nodes","761","21.000000","48.153771","Default Known Flow Node","Known Flow","229552.375620","645760.780927","","0.000000","","","","","","","","","","","","0.000000","0.000000","","","","","","","","","","","","",""
"62501600000760","Nodes","760","21.000000","49.360208","Default Known Flow Node","Known Flow","229500.424606","645927.180972","","0.000000","","","","","","","","","","","","0.000000","0.000000","","","","","","","","","","","","",""
"62501600000521","Nodes","521","21.000000","28.838953","DDS demands","Known Flow","230964.079004","642462.077029","","0.000000","","","","","","-5.610000","","","","","","-5.016562","-5.610000","","","","","","","","D1 PROFILE","","","","",""
"62501600000526","Nodes","526","21.000000","28.791567","DDS demands","Known Flow","230978.329008","642385.827009","","0.000000","","","","","","-5.320000","","","","","","-4.757239","-5.320000","","","","","","","","D1 PROFILE","","","","",""
"62501600000433","Nodes","433","21.000000","28.501050","DDS demands","Known Flow","230939.473997","642498.318039","","0.000000","","","","","","-18.129999","","","","","","-16.212169","-18.129999","","","","","","","","D1 PROFILE","","","","",""
"62501600000532","Nodes","532","21.000000","28.560988","DDS demands","Known Flow","230946.078999","642332.576994","","0.000000","","","","","","-6.170000","","","","","","-5.517324","-6.170000","","","","","","","","D1 PROFILE","","","","",""
"62501600000534","Nodes","534","21.000000","28.382794","DDS demands","Known Flow","230883.328982","642355.577000","","0.000000","","","","","","-4.489999","","","","","","-4.015038","-4.489999","","","","","","","","D1 PROFILE","","","","",""
"62501600004019","Nodes","-958","21.000000","28.043759","Default Known Flow Node","Known Flow","230868.828978","642480.577034","","0.000000","","","","","","","","","","","","0.000000","0.000000","","","","","","","","","","","","",""
"62501600004018","Nodes","-955","21.000000","27.946191","Default Known Flow Node","Known Flow","230876.712395","642450.081529","","0.000000","","","","","","","","","","","","0.000000","0.000000","","","","","","","","","","","","",""
"62501600004020","Nodes","-960","21.000000","28.466157","Default Known Flow Node","Known Flow","230932.920613","642499.008457","","0.000000","","","","","","","","","","","","0.000000","0.000000","","","","","","","","","","","","",""
"62501600000432","Nodes","432","21.000000","27.804165","DDS demands","Known Flow","230887.078983","642420.577018","","0.000000","","","","","","-28.259999","","","","","","-25.270598","-28.259999","","","","","","","","D1 PROFILE","","","","",""
"62501600003655","Nodes","-1462704","21.000000","27.946191","Default Known Flow Node","Known Flow","230887.953983","642453.952027","","0.000000","","","","","","","","","","","","0.000000","0.000000","","","","","","","","","","","","",""
"62501600000533","Nodes","533","21.000000","28.530676","DDS demands","Known Flow","231018.829019","642308.576988","","0.000000","","","","","","-11.859999","","","","","","-10.605423","-11.859999","","","","","","","","D1 PROFILE","","","","",""
"62501600000527","Nodes","527","21.000000","28.768741","DDS demands","Known Flow","231028.329021","642410.077015","","0.000000","","","","","","-2.419999","","","","","","-2.164007","-2.419999","","","","","","","","D1 PROFILE","","","","",""
"62501600004017","Nodes","-949","21.000000","28.530676","Default Known Flow Node","Known Flow","231020.079019","642304.701986","","0.000000","","","","","","","","","","","","0.000000","0.000000","","","","","","","","","","","","",""
"62501600000542","Nodes","542","21.000000","28.572125","DDS demands","Known Flow","231004.704015","642362.577002","","0.000000","","","","","","-4.929999","","","","","","-4.408494","-4.929999","","","","","","","","D1 PROFILE","","","","",""
"62501600000516","Nodes","516","21.000000","30.505805","DDS demands","Known Flow","230018.453747","642994.327174","","0.000000","-15.999999","","","-4.909999","","-16.079999","","","","","","-33.077118","-36.989998","","","C1 PROFILE","","","C4 PROFILE","","D1 PROFILE","","","","",""
"62501600000515","Nodes","515","21.000000","31.603287","DDS demands","Known Flow","230081.328764","642902.952149","","0.000000","","","","","","-6.079999","","","","","","-5.436844","-6.079999","","","","","","","","D1 PROFILE","","","","",""
"62501600000600","Nodes","600","21.000000","31.460548","DDS demands","Known Flow","230062.203758","642762.452111","","0.000000","","","","","","-18.409999","","","","","","-16.462551","-18.409999","","","","","","","","D1 PROFILE","","","","",""
"62501600000599","Nodes","599","21.000000","31.442622","DDS demands","Known Flow","230096.703768","642808.452124","","0.000000","","","","","","-11.459999","","","","","","-10.247737","-11.459999","","","","","","","","D1 PROFILE","","","","",""
"62501600003680","Nodes","-1462771","21.000000","31.441613","Default Known Flow Node","Known Flow","230162.828786","642770.827113","","0.000000","","","","","","","","","","","","0.000000","0.000000","","","","","","","","","","","","",""
"62501600000605","Nodes","605","21.000000","31.441613","DDS demands","Known Flow","230158.204079","642772.952755","","0.000000","","","","","","-7.770000","","","","","","-6.948073","-7.770000","","","","","","","","D1 PROFILE","","","","",""
"62501600003617","Nodes","-1462612","21.000000","31.441613","Default Known Flow Node","Known Flow","230155.328784","642752.202108","","0.000000","","","","","","","","","","","","0.000000","0.000000","","","","","","","","","","","","",""
"62501600000512","Nodes","512","21.000000","31.663213","DDS demands","Known Flow","230099.953769","642884.702144","","0.000000","","","","","","-9.039999","","","","","","-8.083729","-9.039999","","","","","","","","D1 PROFILE","","","","",""
"62501600000594","Nodes","594","21.000000","33.692176","DDS demands","Known Flow","230161.453785","642942.827160","","0.000000","","","","","","-7.730000","","","","","","-6.912304","-7.730000","","","","","","","","D1 PROFILE","","","","",""
"62501600000596","Nodes","596","21.000000","30.705209","DDS demands","Known Flow","230016.203746","642896.952148","","0.000000","","","","","","-6.510000","","","","","","-5.821358","-6.510000","","","","","","","","D1 PROFILE","","","","",""
"62501600000511","Nodes","511","21.000000","33.768267","DDS demands","Known Flow","230181.578791","642959.452165","","0.000000","","","","","","-7.829999","","","","","","-7.001726","-7.829999","","","","","","","","D1 PROFILE","","","","",""
"62501600000535","Nodes","535","21.000000","34.164598","DDS demands","Known Flow","230226.078803","642994.577174","","0.000000","","","","","","-4.900000","","","","","","-4.381668","-4.900000","","","","","","","","D1 PROFILE","","","","",""
"62501600000602","Nodes","602","21.000000","31.422839","DDS demands","Known Flow","230027.703749","642737.452104","","0.000000","","","","","","-8.709999","","","","","","-7.788637","-8.709999","","","","","","","","D1 PROFILE","","","","",""
"62501600000529","Nodes","529","21.000000","32.015527","DDS demands","Known Flow","230214.328800","642843.952133","","0.000000","","","","","","-17.110001","","","","","","-15.300069","-17.110001","","","","","","","","D1 PROFILE","","","","",""
"62501600003774","Nodes","-188","21.000000","31.782085","Default Known Flow Node","Known Flow","230262.578813","642815.202125","","0.000000","","","","","","","","","","","","0.000000","0.000000","","","","","","","","","","","","",""
"62501600003678","Nodes","-1462767","21.000000","32.015527","Default Known Flow Node","Known Flow","230190.578793","642807.827123","","0.000000","","","","","","","","","","","","0.000000","0.000000","","","","","","","","","","","","",""
"62501600003782","Nodes","-219","21.000000","31.588026","Default Known Flow Node","Known Flow","230097.828768","642879.952143","","0.000000","","","","","","","","","","","","0.000000","0.000000","","","","","","","","","","","","",""
"62501600003662","Nodes","-1462719","21.000000","31.588026","Default Known Flow Node","Known Flow","230105.453770","642884.327144","","0.000000","","","","","","","","","","","","0.000000","0.000000","","","","","","","","","","","","",""
"62501600003781","Nodes","-217","21.000000","33.340047","Default Known Flow Node","Known Flow","230207.578798","642878.077143","","0.000000","","","","","","","","","","","","0.000000","0.000000","","","","","","","","","","","","",""
"62501600000528","Nodes","528","21.000000","31.640386","DDS demands","Known Flow","230282.828818","642802.827122","","0.000000","","","","","","-8.760000","","","","","","-7.833349","-8.760000","","","","","","","","D1 PROFILE","","","","",""
"62501600003673","Nodes","-1462753","21.000000","31.782085","Default Known Flow Node","Known Flow","230236.703806","642781.327116","","0.000000","","","","","","","","","","","","0.000000","0.000000","","","","","","","","","","","","",""
"62501600004021","Nodes","-961","21.000000","28.050669","Default Known Flow Node","Known Flow","230858.578975","642518.577045","","0.000000","","","","","","","","","","","","0.000000","0.000000","","","","","","","","","","","","",""
"62501600004028","Nodes","-969","21.000000","29.225793","Default Known Flow Node","Known Flow","230888.078983","642688.952091","","0.000000","","","","","","","","","","","","0.000000","0.000000","","","","","","","","","","","","",""
"62501600000593","Nodes","593","21.000000","31.533681","DDS demands","Known Flow","230455.828865","642953.577163","","0.000000","","","","","","-9.500000","","","","","","-8.495070","-9.500000","","","","","","","","D1 PROFILE","","","","",""
"62501600000837","Nodes","837","21.000000","31.490624","Default Known Flow Node","Known Flow","230504.203879","642866.827139","","0.000000","","","","","","","","","","","","0.000000","0.000000","","","","","","","","","","","","",""
"62501600000411","Nodes","411","21.000000","32.218292","DDS demands","Known Flow","230905.078988","642844.952133","","0.000000","","","","","","-2.890000","","","","","","-2.584289","-2.890000","","","","","","","","D1 PROFILE","","","","",""
"62501600004026","Nodes","-966","21.000000","28.148853","Default Known Flow Node","Known Flow","230835.328676","642600.576598","","0.000000","","","","","","","","","","","","0.000000","0.000000","","","","","","","","","","","","",""
"62501600003629","Nodes","-1462640","21.000000","28.148853","Default Known Flow Node","Known Flow","230818.828964","642595.952066","","0.000000","","","","","","","","","","","","0.000000","0.000000","","","","","","","","","","","","",""
"62501600003588","Nodes","","21.000000","28.180680","DDS demands","Known Flow","230850.828973","642626.452074","","0.000000","","","","","","-5.409999","","","","","","-4.837718","-5.409999","","","","","","","","D1 PROFILE","","","","",""
"62501600004027","Nodes","-967","21.000000","28.177943","Default Known Flow Node","Known Flow","230829.453967","642621.577073","","0.000000","","","","","","","","","","","","0.000000","0.000000","","","","","","","","","","","","",""
"62501600003702","Nodes","","21.000000","28.130529","DDS demands","Known Flow","230857.328975","642605.202068","","0.000000","","","","","","-3.270000","","","","","","-2.924092","-3.270000","","","","","","","","D1 PROFILE","","","","",""
"62501600004025","Nodes","-965","21.000000","28.146819","Default Known Flow Node","Known Flow","230836.207557","642599.330315","","0.000000","","","","","","","","","","","","0.000000","0.000000","","","","","","","","","","","","",""
"62501600003732","Nodes","","21.000000","28.101622","DDS demands","Known Flow","230870.453978","642567.577058","","0.000000","","","","","","-2.660000","","","","","","-2.378619","-2.660000","","","","","","","","D1 PROFILE","","","","",""
"62501600004024","Nodes","-964","21.000000","28.113877","Default Known Flow Node","Known Flow","230846.203972","642561.827056","","0.000000","","","","","","","","","","","","0.000000","0.000000","","","","","","","","","","","","",""
"62501600003750","Nodes","","21.000000","28.096873","DDS demands","Known Flow","230876.078980","642546.327052","","0.000000","","","","","","-1.669999","","","","","","-1.493343","-1.669999","","","","","","","","D1 PROFILE","","","","",""
"62501600004023","Nodes","-963","21.000000","28.101554","Default Known Flow Node","Known Flow","230852.953974","642539.327050","","0.000000","","","","","","","","","","","","0.000000","0.000000","","","","","","","","","","","","",""
"62501600003626","Nodes","","21.000000","28.088148","DDS demands","Known Flow","230881.703981","642524.702046","","0.000000","","","","","","-1.869999","","","","","","-1.672187","-1.869999","","","","","","","","D1 PROFILE","","","","",""
"62501600000409","Nodes","409","21.000000","31.483529","DDS demands","Known Flow","230950.182008","642721.029671","","0.000000","","","","","","-5.590000","","","","","","-4.998678","-5.590000","","","","","","","","D1 PROFILE","","","","",""
"62501600000295","Nodes","295","21.000000","31.896313","Default Known Flow Node","Known Flow","230960.829003","642723.827101","","0.000000","","","","","","","","","","","","0.000000","0.000000","","","","","","","","","","","","",""
"62501600004030","Nodes","-974","21.000000","31.642365","Default Known Flow Node","Known Flow","230954.454001","642722.327100","","0.000000","","","","","","","","","","","","0.000000","0.000000","","","","","","","","","","","","",""
"62501600000293","Nodes","293","21.000000","29.271455","DDS demands","Known Flow","230884.203982","642702.327095","","0.000000","","","","","","-26.899999","","","","","","-24.054460","-26.899999","","","","","","","","D1 PROFILE","","","","",""
"62501600000402","Nodes","402","21.000000","28.663317","DDS demands","Known Flow","230839.828970","642690.327091","","0.000000","","","","","","-3.309999","","","","","","-2.959861","-3.309999","","","","","","","","D1 PROFILE","","","","",""
"62501600000403","Nodes","403","21.000000","28.585580","DDS demands","Known Flow","230852.703973","642719.702099","","0.000000","","","","","","-6.190000","","","","","","-5.535208","-6.190000","","","","","","","","D1 PROFILE","","","","",""
"62501600000291","Nodes","291","21.000000","28.455367","DDS demands","Known Flow","230813.203963","642682.702089","","0.000000","","","","","","-15.630000","","","","","","-13.976626","-15.630000","","","","","","","","D1 PROFILE","","","","",""
"62501600000290","Nodes","290","21.000000","28.454022","DDS demands","Known Flow","230798.328959","642678.577088","","0.000000","","","","","","-3.150000","","","","","","-2.816786","-3.150000","","","","","","","","D1 PROFILE","","","","",""
"62501600003642","Nodes","-1462671","21.000000","29.225793","Default Known Flow Node","Known Flow","230876.078980","642685.577090","","0.000000","","","","","","","","","","","","0.000000","0.000000","","","","","","","","","","","","",""
"62501600004022","Nodes","-962","21.000000","31.703999","Default Known Flow Node","Known Flow","231011.544223","642534.561585","","0.000000","","","","","","","","","","","","0.000000","0.000000","","","","","","","","","","","","",""
"62501600000509","Nodes","509","21.000000","31.703999","Default Known Flow Node","Known Flow","231010.704016","642536.452050","","0.000000","","","","","","","","","","","","0.000000","0.000000","","","","","","","","","","","","",""
"62501600000296","Nodes","296","21.000000","31.437177","Default Known Flow Node","Known Flow","231004.744379","642528.476806","","0.000000","","","","","","","","","","","","0.000000","0.000000","","","","","","","","","","","","",""
"62501600003620","Nodes","-1462616","21.000000","31.703999","Default Known Flow Node","Known Flow","231012.704017","642531.952048","","0.000000","","","","","","","","","","","","0.000000","0.000000","","","","","","","","","","","","",""
"62501600003838","Nodes","-4904600","21.000000","35.930099","Default Known Flow Node","Known Flow","229987.328911","643338.450353","","0.000000","","","","","","","","","","","","0.000000","0.000000","","","","","","","","","","","","",""
"62501600000629","Nodes","629","21.000000","34.369228","DDS demands","Known Flow","230001.328742","643261.702247","","0.000000","-13.290000","","","","","-6.639999","","","","","","-17.821762","-19.929999","","","C1 PROFILE","","","","","D1 PROFILE","","","","",""
"62501600000517","Nodes","517","21.000000","28.859762","DDS demands","Known Flow","230072.453761","643031.577184","","0.000000","","","","","","-3.880000","","","","","","-3.469565","-3.880000","","","","","","","","D1 PROFILE","","","","",""
"62501600003649","Nodes","-1462687","21.000000","30.548995","Default Known Flow Node","Known Flow","229996.078740","643035.827185","","0.000000","","","","","","","","","","","","0.000000","0.000000","","","","","","","","","","","","",""
"62501600000513","Nodes","513","21.000000","33.679539","DDS demands","Known Flow","230143.328780","643002.952176","","0.000000","","","","","","-11.920000","","","","","","-10.659077","-11.920000","","","","","","","","D1 PROFILE","","","","",""
"62501600000209","Nodes","209","21.000000","34.041828","DDS demands","Known Flow","230017.828746","643087.827200","","0.000000","","","","","","-23.669999","","","","","","-21.166137","-23.669999","","","","","","","","D1 PROFILE","","","","",""
"62501600000620","Nodes","620","21.000000","34.432910","DDS demands","Known Flow","230157.328784","643091.702201","","0.000000","","","","","","-15.810000","","","","","","-14.137584","-15.810000","","","","","","","","D1 PROFILE","","","","",""
"62501600000630","Nodes","630","21.000000","34.370097","DDS demands","Known Flow","230048.328755","643263.702247","","0.000000","","","","","","-2.970000","","","","","","-2.655827","-2.970000","","","","","","","","D1 PROFILE","","","","",""
"62501600000590","Nodes","590","21.000000","33.080220","DDS demands","Known Flow","230407.953852","643033.202185","","0.000000","","","","","","-4.570000","","","","","","-4.086576","-4.570000","","","","","","","","D1 PROFILE","","","","",""
"62501600000588","Nodes","588","21.000000","33.819368","DDS demands","Known Flow","230334.328832","643023.452182","","0.000000","","","","","","-12.529999","","","","","","-11.204550","-12.529999","","","","","","","","D1 PROFILE","","","","",""
"62501600000539","Nodes","539","21.000000","33.700245","DDS demands","Known Flow","230209.828799","643166.452221","","0.000000","","","","-5.980000","","-1.360000","","","","","","-6.563559","-7.340000","","","","","","C4 PROFILE","","D1 PROFILE","","","","",""
"62501600000207","Nodes","207","21.000000","33.652298","DDS demands","Known Flow","230222.886092","643171.052757","","0.000000","","","","","","-7.710000","","","","","","-6.894420","-7.710000","","","","","","","","D1 PROFILE","","","","",""
"62501600000460","Nodes","460","21.000000","35.836113","DDS demands","Known Flow","230275.328816","643162.577220","","0.000000","","","","","","-6.740000","","","","","","-6.027028","-6.740000","","","","","","","","D1 PROFILE","","","","",""
"62501600000457","Nodes","457","21.000000","35.827881","DDS demands","Known Flow","230292.578821","643121.702209","","0.000000","","","","","","-8.510000","","","","","","-7.609794","-8.510000","","","","","","","","D1 PROFILE","","","","",""
"62501600000570","Nodes","570","21.000000","42.012831","DDS demands","Known Flow","230390.453848","643440.702296","","0.000000","","","","","","-2.819999","","","","","","-2.521694","-2.819999","","","","","","","","D1 PROFILE","","","","",""
"62501600003855","Nodes","-534","21.000000","38.793135","Default Known Flow Node","Known Flow","230239.703807","643451.577299","","0.000000","","","","","","","","","","","","0.000000","0.000000","","","","","","","","","","","","",""
"62501600000195","Nodes","195","21.000000","38.450580","DDS demands","Known Flow","230264.953814","643437.327295","","0.000000","","","","","","-13.399999","","","","","","-11.982519","-13.399999","","","","","","","","D1 PROFILE","","","","",""
"62501600003648","Nodes","-1462681","21.000000","39.950841","Default Known Flow Node","Known Flow","230281.578818","643486.952308","","0.000000","","","","","","","","","","","","0.000000","0.000000","","","","","","","","","","","","",""
"62501600000196","Nodes","196","21.000000","39.950841","DDS demands","Known Flow","230318.703828","643497.077311","","0.000000","","","","","","-27.799998","","","","","","-24.859255","-27.799998","","","","","","","","D1 PROFILE","","","","",""
"62501600003834","Nodes","-4904579","21.000000","38.710015","Default Known Flow Node","Known Flow","230311.362890","643342.707199","","0.000000","","","","","","","","","","","","0.000000","0.000000","","","","","","","","","","","","",""
"62501600003696","Nodes","-1462825","21.000000","38.710015","Default Known Flow Node","Known Flow","230313.453827","643331.702266","","0.000000","","","","","","","","","","","","0.000000","0.000000","","","","","","","","","","","","",""
"62501600003759","Nodes","-1462993","21.000000","35.530322","Default Known Flow Node","Known Flow","230003.828743","643435.952294","","0.000000","","","","","","","","","","","","0.000000","0.000000","","","","","","","","","","","","",""
"62501600003659","Nodes","-1462714","21.000000","36.367315","Default Known Flow Node","Known Flow","230033.453751","643344.952270","","0.000000","","","","","","","","","","","","0.000000","0.000000","","","","","","","","","","","","",""
"62501600003826","Nodes","-486","21.000000","36.367315","Default Known Flow Node","Known Flow","230047.264508","643342.641516","","0.000000","","","","","","","","","","","","0.000000","0.000000","","","","","","","","","","","","",""
"62501600000437","Nodes","437","21.000000","34.351801","DDS demands","Known Flow","230187.078792","643130.202211","","0.000000","","","","","","-9.930000","","","","","","-8.879584","-9.930000","","","","","","","","D1 PROFILE","","","","",""
"62501600003799","Nodes","-387","21.000000","34.036433","Default Known Flow Node","Known Flow","230179.078790","643157.202218","","0.000000","","","","","","","","","","","","0.000000","0.000000","","","","","","","","","","","","",""
"62501600000203","Nodes","203","21.000000","36.438608","DDS demands","Known Flow","230128.703822","643303.200079","","0.000000","-9.279999","-6.000000","","-2.269999","","-7.129999","","","","","","-22.069298","-24.680000","","","C1 PROFILE","C2 PROFILE","","C4 PROFILE","","D1 PROFILE","","","","",""
"62501600000472","Nodes","472","21.000000","35.006953","DDS demands","Known Flow","230143.271780","643255.606245","","0.000000","","-15.999999","","-8.079999","","-4.999999","","","","","","-26.003855","-29.079998","","","","C2 PROFILE","","C4 PROFILE","","D1 PROFILE","","","","",""
"62501600000587","Nodes","587","21.000000","34.330001","Default Known Flow Node","Known Flow","230316.453828","643020.952181","","0.000000","","","","","","","","","","","","0.000000","0.000000","","","","","","","","","","","","",""
"62501600000589","Nodes","589","21.000000","32.431239","DDS demands","Known Flow","230376.953844","642915.202153","","0.000000","","","","","","-14.680000","","","","","","-13.127118","-14.680000","","","","","","","","D1 PROFILE","","","","",""
"62501600000591","Nodes","591","21.000000","32.000303","DDS demands","Known Flow","230412.953854","643011.702179","","0.000000","","","","","","-13.069999","","","","","","-11.687427","-13.069999","","","","","","","","D1 PROFILE","","","","",""
"62501600000592","Nodes","592","21.000000","31.176234","DDS demands","Known Flow","230410.328853","642931.827157","","0.000000","","","","","","-13.199999","","","","","","-11.803675","-13.199999","","","","","","","","D1 PROFILE","","","","",""
"62501600000585","Nodes","585","21.000000","35.017555","DDS demands","Known Flow","230253.493810","643053.083190","","0.000000","","","","","","-6.040000","","","","","","-5.401076","-6.040000","","","","","","","","D1 PROFILE","","","","",""
"62501600000491","Nodes","491","21.000000","35.399908","DDS demands","Known Flow","230341.203834","643065.577194","","0.000000","","","","","","-15.290000","","","","","","-13.672592","-15.290000","","","","","","","","D1 PROFILE","","","","",""
"62501600000586","Nodes","586","21.000000","34.576740","DDS demands","Known Flow","230259.703812","643012.952179","","0.000000","-10.889999","","","","","-17.040000","","","","","","-24.975505","-27.930000","","","C1 PROFILE","","","","","D1 PROFILE","","","","",""
"62501600000540","Nodes","540","21.000000","33.829210","Default Known Flow Node","Known Flow","230194.203794","643204.327231","","0.000000","","","","","","","","","","","","0.000000","0.000000","","","","","","","","","","","","",""
"62501600000456","Nodes","456","21.000000","36.116363","DDS demands","Known Flow","230373.203843","643131.702212","","0.000000","","","","","","-6.540000","","","","","","-5.848185","-6.540000","","","","","","","","D1 PROFILE","","","","",""
"62501600000504","Nodes","504","21.000000","35.889985","DDS demands","Known Flow","230328.078831","643243.077242","","0.000000","-10.670000","","","","","-10.840000","","","","","","-19.234628","-21.510001","","","C1 PROFILE","","","","","D1 PROFILE","","","","",""
"62501600003807","Nodes","-439","21.000000","35.806980","Default Known Flow Node","Known Flow","230290.578821","643239.077241","","0.000000","","","","","","","","","","","","0.000000","0.000000","","","","","","","","","","","","",""
"62501600000458","Nodes","458","21.000000","36.084941","DDS demands","Known Flow","230366.953841","643168.202221","","0.000000","","","","","","-5.239999","","","","","","-4.685701","-5.239999","","","","","","","","D1 PROFILE","","","","",""
"62501600000455","Nodes","455","21.000000","36.286874","DDS demands","Known Flow","230398.453850","643135.327213","","0.000000","","","","","","-7.760000","","","","","","-6.939131","-7.760000","","","","","","","","D1 PROFILE","","","","",""
"62501600000454","Nodes","454","21.000000","36.375768","DDS demands","Known Flow","230451.828864","643143.327215","","0.000000","","","","","","-4.679999","","","","","","-4.184939","-4.679999","","","","","","","","D1 PROFILE","","","","",""
"62501600000212","Nodes","212","21.000000","36.215157","DDS demands","Known Flow","230456.078866","643117.077208","","0.000000","","","","","","-1.749999","","","","","","-1.564881","-1.749999","","","","","","","","D1 PROFILE","","","","",""
"62501600000312","Nodes","312","21.000000","36.371100","DDS demands","Known Flow","230446.401216","643174.713180","","0.000000","","","","","","-6.459999","","","","","","-5.776647","-6.459999","","","","","","","","D1 PROFILE","","","","",""
"62501600003582","Nodes","-1462502","21.000000","36.499245","Default Known Flow Node","Known Flow","230446.078863","643176.577224","","0.000000","","","","","","","","","","","","0.000000","0.000000","","","","","","","","","","","","",""
"62501600000326","Nodes","326","21.000000","36.493623","DDS demands","Known Flow","230438.328861","643223.202236","","0.000000","","","","","","-4.039999","","","","","","-3.612640","-4.039999","","","","","","","","D1 PROFILE","","","","",""
"62501600000317","Nodes","317","21.000000","35.850036","DDS demands","Known Flow","230475.328871","643245.827243","","0.000000","-2.900000","","","","","-15.350000","","","","","","-16.319477","-18.250000","","","C1 PROFILE","","","","","D1 PROFILE","","","","",""
"62501600000473","Nodes","473","21.000000","37.523928","DDS demands","Known Flow","230228.829114","643322.201083","","0.000000","-50.379999","","","-14.470000","","-12.600000","","","","","","-69.257175","-77.450000","","","C1 PROFILE","","","C4 PROFILE","","D1 PROFILE","","","","",""
"62501600003811","Nodes","-452","21.000000","37.523928","Default Known Flow Node","Known Flow","230236.816408","643291.823995","","0.000000","","","","","","","","","","","","0.000000","0.000000","","","","","","","","","","","","",""
"62501600003861","Nodes","-550","21.000000","39.886921","Default Known Flow Node","Known Flow","230326.639584","643472.266551","","0.000000","","","","","","","","","","","","0.000000","0.000000","","","","","","","","","","","","",""
"62501600000568","Nodes","568","21.000000","42.328082","Default Known Flow Node","Known Flow","230472.703870","643405.077286","","0.000000","","","","","","","","","","","","0.000000","0.000000","","","","","","","","","","","","",""
"62501600000567","Nodes","Garnock View DG, Profiled, Tel, Site ID 3485","21.000000","42.499999","Default Known Pressure Node","Known Pressure","230476.578871","643406.952286","","999998.967025","","","","","","","","","","","","3333.656270","3728.013307","","","","","","","","","","","","",""
"62501600000201","Nodes","201","21.000000","39.975018","DDS demands","Known Flow","230430.703859","643347.452270","","0.000000","","","","-2.390000","","-1.820000","","","","","","-3.764657","-4.210000","","","","","","C4 PROFILE","","D1 PROFILE","","","","",""
"62501600000392","Nodes","392","21.000000","39.787653","DDS demands","Known Flow","230467.703869","643352.452272","","0.000000","","","","-5.050000","","-4.770000","","","","","","-8.781219","-9.819999","","","","","","C4 PROFILE","","D1 PROFILE","","","","",""
"62501600000211","Nodes","211","21.000000","36.229196","DDS demands","Known Flow","230461.828867","643082.952198","","0.000000","","","","","","-28.790000","","","","","","-25.744533","-28.790000","","","","","","","","D1 PROFILE","","","","",""
"62501600003796","Nodes","-346","21.000000","34.546176","Default Known Flow Node","Known Flow","230203.471569","643093.670124","","0.000000","","","","","","","","","","","","0.000000","0.000000","","","","","","","","","","","","",""
"62501600000543","Nodes","543","21.000000","35.727237","DDS demands","Known Flow","230255.453811","643230.202238","","0.000000","","","","","","-6.020000","","","","","","-5.383191","-6.020000","","","","","","","","D1 PROFILE","","","","",""
"62501600000197","Nodes","197","21.000000","39.798355","DDS demands","Known Flow","230338.203833","643438.077295","","0.000000","-7.580000","","","","","-8.149999","","","","","","-14.066047","-15.729999","","","C1 PROFILE","","","","","D1 PROFILE","","","","",""
"62501600003575","Nodes","-1462480","21.000000","39.886921","Default Known Flow Node","Known Flow","230303.828824","643451.827299","","0.000000","","","","","","","","","","","","0.000000","0.000000","","","","","","","","","","","","",""
"62501600003508","Nodes","-1018","21.000000","36.360320","Default Known Flow Node","Known Flow","230422.203856","643252.827244","","0.000000","","","","","","","","","","","","0.000000","0.000000","","","","","","","","","","","","",""
"62501600003835","Nodes","-4904580","21.000000","40.100636","Default Known Flow Node","Known Flow","230434.450472","643339.952833","","0.000000","","","","","","","","","","","","0.000000","0.000000","","","","","","","","","","","","",""
"62501600003793","Nodes","-326907","21.000000","40.083700","Default Known Flow Node","Known Flow","230430.703859","643340.577268","","0.000000","","","","","","","","","","","","0.000000","0.000000","","","","","","","","","","","","",""
"62501600003517","Nodes","-1043","21.000000","40.201218","Default Known Flow Node","Known Flow","230460.078350","643329.826749","","0.000000","","","","","","","","","","","","0.000000","0.000000","","","","","","","","","","","","",""
"62501600000395","Nodes","395","21.000000","40.201202","DDS demands","Known Flow","230467.078869","643330.077266","","0.000000","","","","","","-12.979999","","","","","","-11.606948","-12.979999","","","","","","","","D1 PROFILE","","","","",""
"62501600000514","Nodes","514","21.000000","33.377584","DDS demands","Known Flow","230080.203763","642969.702167","","0.000000","","","","","","-7.639999","","","","","","-6.831824","-7.639999","","","","","","","","D1 PROFILE","","","","",""
"62501600003689","Nodes","-1462796","21.000000","35.850036","Default Known Flow Node","Known Flow","230480.828872","643259.452246","","0.000000","","","","","","","","","","","","0.000000","0.000000","","","","","","","","","","","","",""
"62501600003819","Nodes","-468","21.000000","36.280623","Default Known Flow Node","Known Flow","230031.070433","643332.199223","","0.000000","","","","","","","","","","","","0.000000","0.000000","","","","","","","","","","","","",""
"62501600003722","Nodes","-1462883","21.000000","36.366251","Default Known Flow Node","Known Flow","230035.578751","643305.702259","","0.000000","","","","","","","","","","","","0.000000","0.000000","","","","","","","","","","","","",""
"62501600003742","Nodes","-1462947","21.000000","36.367315","Default Known Flow Node","Known Flow","230065.078759","643336.327267","","0.000000","","","","","","","","","","","","0.000000","0.000000","","","","","","","","","","","","",""
"62501600003795","Nodes","-332","21.000000","35.508816","Default Known Flow Node","Known Flow","230338.453834","643085.577199","","0.000000","","","","","","","","","","","","0.000000","0.000000","","","","","","","","","","","","",""
"62501600000492","Nodes","492","21.000000","35.484533","DDS demands","Known Flow","230361.453840","643090.577200","","0.000000","","","","","","-3.739999","","","","","","-3.344374","-3.739999","","","","","","","","D1 PROFILE","","","","",""
"62501600003749","Nodes","-1462967","21.000000","35.551630","Default Known Flow Node","Known Flow","230317.953828","643083.202198","","0.000000","","","","","","","","","","","","0.000000","0.000000","","","","","","","","","","","","",""
"62501600000459","Nodes","459","21.000000","36.140930","DDS demands","Known Flow","230350.328837","643176.827224","","0.000000","","","","","","-4.050000","","","","","","-3.621582","-4.050000","","","","","","","","D1 PROFILE","","","","",""
"62501600000444","Nodes","444","21.000000","40.176006","DDS demands","Known Flow","230498.953877","643309.827260","","0.000000","","","","","","-1.420000","","","","","","-1.269789","-1.420000","","","","","","","","D1 PROFILE","","","","",""
"62501600000213","Nodes","213","21.000000","39.651248","Default Known Flow Node","Known Flow","230544.831089","643270.946595","","0.000000","","","","","","","","","","","","0.000000","0.000000","","","","","","","","","","","","",""
"62501600000627","Nodes","627","21.000000","39.570437","Default Known Flow Node","Known Flow","230574.578898","643239.577241","","0.000000","","","","","","","","","","","","0.000000","0.000000","","","","","","","","","","","","",""
"62501600003541","Nodes","-1086","21.000000","34.847640","Default Known Flow Node","Known Flow","230793.203957","643410.202287","","0.000000","","","","","","","","","","","","0.000000","0.000000","","","","","","","","","","","","",""
"62501600003536","Nodes","-1074","21.000000","34.847640","Default Known Flow Node","Known Flow","230791.827038","643385.324254","","0.000000","","","","","","","","","","","","0.000000","0.000000","","","","","","","","","","","","",""
"62501600003791","Nodes","-326847","21.000000","34.880677","Default Known Flow Node","Known Flow","230817.203964","643392.202282","","0.000000","","","","","","","","","","","","0.000000","0.000000","","","","","","","","","","","","",""
"62501600000831","Nodes","831","21.000000","34.880677","Default Known Flow Node","Known Flow","230813.078963","643391.702282","","0.000000","","","","","","","","","","","","0.000000","0.000000","","","","","","","","","","","","",""
"62501600000219","Nodes","219","21.000000","37.506478","DDS demands","Known Flow","230610.578908","643351.577271","","0.000000","","","","-2.460000","","-3.029999","","","","","","-4.909256","-5.489999","","","","","","C4 PROFILE","","D1 PROFILE","","","","",""
"62501600003516","Nodes","-1042","21.000000","36.282949","Default Known Flow Node","Known Flow","230642.212398","643329.453899","","0.000000","","","","","","","","","","","","0.000000","0.000000","","","","","","","","","","","","",""
"62501600000220","Nodes","220","21.000000","35.253158","DDS demands","Known Flow","230663.203922","643303.077258","","0.000000","","","","-1.990000","","-30.939999","","","","","","-29.446594","-32.930000","","","","","","C4 PROFILE","","D1 PROFILE","","","","",""
"62501600003513","Nodes","-1032","21.000000","35.206054","Default Known Flow Node","Known Flow","230665.078922","643300.327257","","0.000000","","","","","","","","","","","","0.000000","0.000000","","","","","","","","","","","","",""
"62501600000375","Nodes","375","21.000000","34.896322","DDS demands","Known Flow","230776.328953","643382.077280","","0.000000","","-6.000000","","","","-15.319999","","","","","","-19.064724","-21.319998","","","","C2 PROFILE","","","","D1 PROFILE","","","","",""
"62501600000376","Nodes","376","21.000000","34.102673","DDS demands","Known Flow","230783.578955","643337.452268","","0.000000","","","","","","-5.969999","","","","","","-5.338480","-5.969999","","","","","","","","D1 PROFILE","","","","",""
"62501600000378","Nodes","378","21.000000","33.357266","DDS demands","Known Flow","230790.328957","643275.702251","","0.000000","","","","","","-20.440001","","","","","","-18.277815","-20.440001","","","","","","","","D1 PROFILE","","","","",""
"62501600000377","Nodes","377","21.000000","34.206009","DDS demands","Known Flow","230863.328976","643353.202272","","0.000000","","","","","","-2.130000","","","","","","-1.904684","-2.130000","","","","","","","","D1 PROFILE","","","","",""
"62501600003720","Nodes","-1462879","21.000000","33.486359","Default Known Flow Node","Known Flow","230790.828957","643271.202249","","0.000000","","","","","","","","","","","","0.000000","0.000000","","","","","","","","","","","","",""
"62501600000379","Nodes","379","21.000000","28.377304","DDS demands","Known Flow","230925.665830","643234.135052","","0.000000","","","","","","-8.819999","","","","","","-7.887001","-8.819999","","","","","","","","D1 PROFILE","","","","",""
"62501600003744","Nodes","-1462950","21.000000","39.651248","Default Known Flow Node","Known Flow","230546.703890","643268.827249","","0.000000","","","","","","","","","","","","0.000000","0.000000","","","","","","","","","","","","",""
"62501600000235","Nodes","235","21.000000","34.195640","DDS demands","Known Flow","230839.328970","643093.327201","","0.000000","","","","","","-48.000001","","","","","","-42.922459","-48.000001","","","","","","","","D1 PROFILE","","","","",""
"62501600000328","Nodes","328","21.000000","29.302980","DDS demands","Known Flow","230844.578971","643213.702234","","0.000000","","","","","","-30.469999","","","","","","-27.246819","-30.469999","","","","","","","","D1 PROFILE","","","","",""
"62501600004035","Nodes","-985","21.000000","33.995910","Default Known Flow Node","Known Flow","230851.934381","643076.688054","","0.000000","","","","","","","","","","","","0.000000","0.000000","","","","","","","","","","","","",""
"62501600000327","Nodes","327","21.000000","29.334408","DDS demands","Known Flow","230802.703960","643219.577235","","0.000000","","","","","","-4.940000","","","","","","-4.417436","-4.940000","","","","","","","","D1 PROFILE","","","","",""
"62501600003506","Nodes","-1012","21.000000","29.334408","Default Known Flow Node","Known Flow","230798.703959","643220.202236","","0.000000","","","","","","","","","","","","0.000000","0.000000","","","","","","","","","","","","",""
"62501600003737","Nodes","-1462926","21.000000","29.334408","Default Known Flow Node","Known Flow","230783.203955","643183.202226","","0.000000","","","","","","","","","","","","0.000000","0.000000","","","","","","","","","","","","",""
"62501600000626","Nodes","626","21.000000","37.647002","DDS demands","Known Flow","230632.453914","643093.702201","","0.000000","","","","","","-17.530000","","","","","","-15.675640","-17.530000","","","","","","","","D1 PROFILE","","","","",""
"62501600003683","Nodes","-1462777","21.000000","36.197507","Default Known Flow Node","Known Flow","230645.703917","643314.202261","","0.000000","","","","","","","","","","","","0.000000","0.000000","","","","","","","","","","","","",""
"62501600003510","Nodes","-1020","21.000000","35.053329","Default Known Flow Node","Known Flow","230696.578931","643259.077246","","0.000000","","","","","","","","","","","","0.000000","0.000000","","","","","","","","","","","","",""
"62501600003511","Nodes","-1021","21.000000","34.882136","Default Known Flow Node","Known Flow","230673.828925","643262.452247","","0.000000","","","","","","","","","","","","0.000000","0.000000","","","","","","","","","","","","",""
"62501600000832","Nodes","832","21.000000","34.780181","DDS demands","Known Flow","230813.588677","643388.126777","","0.000000","","-40.349996","","","","","","","","","","-36.081688","-40.349996","","","","C2 PROFILE","","","","","","","","",""
"62501600003695","Nodes","-1462816","21.000000","29.334408","Default Known Flow Node","Known Flow","230776.078953","643223.952237","","0.000000","","","","","","","","","","","","0.000000","0.000000","","","","","","","","","","","","",""
"62501600003538","Nodes","-1078","21.000000","33.915904","Default Known Flow Node","Known Flow","230842.327420","643391.576175","","0.000000","","","","","","","","","","","","0.000000","0.000000","","","","","","","","","","","","",""
"62501600003537","Nodes","-1077","21.000000","30.039056","Default Known Flow Node","Known Flow","230961.329003","643389.702282","","0.000000","","","","","","","","","","","","0.000000","0.000000","","","","","","","","","","","","",""
"62501600003652","Nodes","-1462694","21.000000","33.915904","Default Known Flow Node","Known Flow","230845.328971","643397.077284","","0.000000","","","","","","","","","","","","0.000000","0.000000","","","","","","","","","","","","",""
"62501600000224","Nodes","224","21.000000","29.435730","DDS demands","Known Flow","230979.455062","643387.209949","","0.000000","","","","","","-20.620000","","","","","","-18.438774","-20.620000","","","","","","","","D1 PROFILE","","","","",""
"62501600000225","Nodes","225","21.000000","29.370457","DDS demands","Known Flow","230983.704009","643428.452292","","0.000000","","-36.720000","","","","-0.970000","","","","","","-33.703073","-37.690000","","","","C2 PROFILE","","","","D1 PROFILE","","","","",""
"62501600000830","Nodes","830","21.000000","35.178898","Default Known Flow Node","Known Flow","230668.204579","643305.827362","","0.000000","","","","","","","","","","","","0.000000","0.000000","","","","","","","","","","","","",""
"62501600003792","Nodes","-326876","21.000000","35.178898","Default Known Flow Node","Known Flow","230665.828923","643303.827258","","0.000000","","","","","","","","","","","","0.000000","0.000000","","","","","","","","","","","","",""
"62501600004036","Nodes","-988","21.000000","37.127861","Default Known Flow Node","Known Flow","230576.078538","643087.864104","","0.000000","","","","","","","","","","","","0.000000","0.000000","","","","","","","","","","","","",""
"62501600004034","Nodes","-984","21.000000","37.127861","Default Known Flow Node","Known Flow","230576.453898","643068.702194","","0.000000","","","","","","","","","","","","0.000000","0.000000","","","","","","","","","","","","",""
"62501600003728","Nodes","","21.000000","33.253361","DDS demands","Known Flow","230857.453975","643076.202196","","0.000000","","-64.999999","","","","","","","","","","-58.124162","-64.999999","","","","C2 PROFILE","","","","","","","","",""
"62501600001814","Nodes","1814","21.000000","29.370457","Default Known Flow Node","Known Flow","231011.579017","643474.577305","","0.000000","","","","","","","","","","","","0.000000","0.000000","","","","","","","","","","","","",""
"62501600000488","Nodes","488","21.000000","25.695359","DDS demands","Known Flow","231074.454034","643171.077222","","0.000000","","","","","","-6.300000","","","","","","-5.633573","-6.300000","","","","","","","","D1 PROFILE","","","","",""
"62501600003505","Nodes","-1007","21.000000","25.966716","Default Known Flow Node","Known Flow","231010.199709","643206.326181","","0.000000","","","","","","","","","","","","0.000000","0.000000","","","","","","","","","","","","",""
"62501600000551","Nodes","551","21.000000","24.288053","DDS demands","Known Flow","231055.579029","643479.327306","","0.000000","","","","","","-5.810000","","","","","","-5.195405","-5.810000","","","","","","","","D1 PROFILE","","","","",""
"62501600000550","Nodes","550","21.000000","24.432429","DDS demands","Known Flow","231144.954053","643471.202304","","0.000000","","","","","","-10.609999","","","","","","-9.487651","-10.609999","","","","","","","","D1 PROFILE","","","","",""
"62501600000226","Nodes","226","21.000000","26.800713","DDS demands","Known Flow","231084.725015","643377.430468","","0.000000","","","","","","-22.460000","","","","","","-20.084133","-22.460000","","","","","","","","D1 PROFILE","","","","",""
"62501600000227","Nodes","227","21.000000","25.630777","DDS demands","Known Flow","231077.093539","643174.107179","","0.000000","","","","","","-18.019999","","","","","","-16.113806","-18.019999","","","","","","","","D1 PROFILE","","","","",""
"62501600000228","Nodes","228","21.000000","25.439013","DDS demands","Known Flow","231147.329054","643153.202217","","0.000000","","","","","","-19.830000","","","","","","-17.732341","-19.830000","","","","","","","","D1 PROFILE","","","","",""
"62501600003638","Nodes","-1462665","21.000000","25.635947","Default Known Flow Node","Known Flow","231077.028035","643172.618223","","0.000000","","","","","","","","","","","","0.000000","0.000000","","","","","","","","","","","","",""
"62501600000329","Nodes","329","21.000000","24.116648","DDS demands","Known Flow","231226.704075","643111.577206","","0.000000","","","","","","-10.849999","","","","","","-9.702263","-10.849999","","","","","","","","D1 PROFILE","","","","",""
"62501600000230","Nodes","230","21.000000","23.832261","DDS demands","Known Flow","231293.329093","643074.952196","","0.000000","","","","","","-7.360000","","","","","","-6.581443","-7.360000","","","","","","","","D1 PROFILE","","","","",""
"62501600000538","Nodes","538","21.000000","25.409648","DDS demands","Known Flow","231207.204070","643178.827224","","0.000000","","","","","","-2.089999","","","","","","-1.868915","-2.089999","","","","","","","","D1 PROFILE","","","","",""
"62501600000754","Nodes","754","21.000000","25.365215","DDS demands","Known Flow","231220.454074","643186.327226","","0.000000","","","","","","-1.929999","","","","","","-1.725840","-1.929999","","","","","","","","D1 PROFILE","","","","",""
"62501600000170","Nodes","170","21.000000","25.414287","DDS demands","Known Flow","231201.226806","643192.962381","","0.000000","","","","","","-10.050000","","","","","","-8.986890","-10.050000","","","","","","","","D1 PROFILE","","","","",""
"62501600000753","Nodes","753","21.000000","25.316567","DDS demands","Known Flow","231200.704068","643249.827244","","0.000000","","","","","","-3.119999","","","","","","-2.789959","-3.119999","","","","","","","","D1 PROFILE","","","","",""
"62501600000407","Nodes","407","21.000000","25.315271","DDS demands","Known Flow","231236.579078","643195.702229","","0.000000","","","","","","-4.880000","","","","","","-4.363783","-4.880000","","","","","","","","D1 PROFILE","","","","",""
"62501600000405","Nodes","405","21.000000","25.275177","DDS demands","Known Flow","231252.204082","643205.952232","","0.000000","","","","","","-1.389999","","","","","","-1.242962","-1.389999","","","","","","","","D1 PROFILE","","","","",""
"62501600000408","Nodes","408","21.000000","25.290167","DDS demands","Known Flow","231260.155997","643154.652134","","0.000000","","","","","","-3.420000","","","","","","-3.058225","-3.420000","","","","","","","","D1 PROFILE","","","","",""
"62501600004038","Nodes","-994","21.000000","25.290167","Default Known Flow Node","Known Flow","231267.954086","643140.827214","","0.000000","","","","","","","","","","","","0.000000","0.000000","","","","","","","","","","","","",""
"62501600000404","Nodes","404","21.000000","25.250144","DDS demands","Known Flow","231239.454079","643226.077237","","0.000000","","","","","","-3.880000","","","","","","-3.469565","-3.880000","","","","","","","","D1 PROFILE","","","","",""
"62501600003590","Nodes","-1462526","21.000000","25.250144","Default Known Flow Node","Known Flow","231228.829076","643218.827235","","0.000000","","","","","","","","","","","","0.000000","0.000000","","","","","","","","","","","","",""
"62501600003643","Nodes","-1462674","21.000000","25.250144","Default Known Flow Node","Known Flow","231254.954083","643235.827240","","0.000000","","","","","","","","","","","","0.000000","0.000000","","","","","","","","","","","","",""
"62501600000406","Nodes","406","21.000000","25.255018","DDS demands","Known Flow","231261.829085","643212.077233","","0.000000","","","","","","-5.879999","","","","","","-5.258001","-5.879999","","","","","","","","D1 PROFILE","","","","",""
"62501600000229","Nodes","229","21.000000","24.400339","DDS demands","Known Flow","231370.579114","643298.577257","","0.000000","","","","","","-7.499999","","","","","","-6.706634","-7.499999","","","","","","","","D1 PROFILE","","","","",""
"62501600000546","Nodes","546","21.000000","24.577487","DDS demands","Known Flow","231143.954053","643452.952299","","0.000000","","","","","","-1.850000","","","","","","-1.654303","-1.850000","","","","","","","","D1 PROFILE","","","","",""
"62501600000547","Nodes","547","21.000000","24.497213","DDS demands","Known Flow","231177.454062","643448.702298","","0.000000","","","","","","-10.280000","","","","","","-9.192560","-10.280000","","","","","","","","D1 PROFILE","","","","",""
"62501600000548","Nodes","548","21.000000","23.426521","Default Known Flow Node","Known Flow","231277.079089","643435.827294","","0.000000","","","","","","","","","","","","0.000000","0.000000","","","","","","","","","","","","",""
"62501600000545","Nodes","545","21.000000","24.897742","DDS demands","Known Flow","230995.954012","643402.577285","","0.000000","","","","","","-3.720000","","","","","","-3.326490","-3.720000","","","","","","","","D1 PROFILE","","","","",""
"62501600003529","Nodes","-1065","21.000000","24.084889","Default Known Flow Node","Known Flow","231216.079072","643369.702276","","0.000000","","","","","","","","","","","","0.000000","0.000000","","","","","","","","","","","","",""
"62501600000441","Nodes","441","21.000000","24.760331","DDS demands","Known Flow","231282.625610","643289.822920","","0.000000","","","","","","-5.140000","","","","","","-4.596280","-5.140000","","","","","","","","D1 PROFILE","","","","",""
"62501600003514","Nodes","-1039","21.000000","24.642347","Default Known Flow Node","Known Flow","231291.329093","643325.534264","","0.000000","","","","","","","","","","","","0.000000","0.000000","","","","","","","","","","","","",""
"62501600003512","Nodes","-1023","21.000000","24.568132","Default Known Flow Node","Known Flow","231298.042095","643269.399249","","0.000000","","","","","","","","","","","","0.000000","0.000000","","","","","","","","","","","","",""
"62501600000549","Nodes","549","21.000000","22.761776","DDS demands","Known Flow","231298.954095","643474.577305","","0.000000","","","","","","-16.959999","","","","","","-15.165934","-16.959999","","","","","","","","D1 PROFILE","","","","",""
"62501600000833","Nodes","833","21.000000","22.874035","DDS demands","Known Flow","231405.740124","643476.731305","","0.000000","","","","","","-20.469999","","","","","","-18.304640","-20.469999","","","","","","","","D1 PROFILE","","","","",""
"62501600000755","Nodes","755","21.000000","23.201422","DDS demands","Known Flow","231430.704131","643338.452268","","0.000000","","","","","","-12.600000","","","","","","-11.267146","-12.600000","","","","","","","","D1 PROFILE","","","","",""
"62501600000757","Nodes","757","21.000000","23.498375","Default Known Flow Node","Known Flow","231403.454271","643342.207953","","0.000000","","","","","","","","","","","","0.000000","0.000000","","","","","","","","","","","","",""
"62501600000756","Nodes","756","21.000000","23.153003","DDS demands","Known Flow","231433.579132","643281.452252","","0.000000","","","","","","-3.479999","","","","","","-3.111878","-3.479999","","","","","","","","D1 PROFILE","","","","",""
"62501600003647","Nodes","-1462680","21.000000","23.498375","Default Known Flow Node","Known Flow","231403.329123","643343.702269","","0.000000","","","","","","","","","","","","0.000000","0.000000","","","","","","","","","","","","",""
"62501600003519","Nodes","-1046","21.000000","23.625789","Default Known Flow Node","Known Flow","231397.579122","643336.952267","","0.000000","","","","","","","","","","","","0.000000","0.000000","","","","","","","","","","","","",""
"62501600003650","Nodes","-1462689","21.000000","25.966716","Default Known Flow Node","Known Flow","231024.829020","643216.702235","","0.000000","","","","","","","","","","","","0.000000","0.000000","","","","","","","","","","","","",""
"62501600003530","Nodes","-1066","21.000000","24.084889","Default Known Flow Node","Known Flow","231196.329067","643370.952277","","0.000000","","","","","","","","","","","","0.000000","0.000000","","","","","","","","","","","","",""
"62501600003715","Nodes","-1462872","21.000000","24.084889","Default Known Flow Node","Known Flow","231179.704062","643372.077277","","0.000000","","","","","","","","","","","","0.000000","0.000000","","","","","","","","","","","","",""
"62501600003669","Nodes","-1462735","21.000000","24.128588","Default Known Flow Node","Known Flow","231196.829067","643384.702280","","0.000000","","","","","","","","","","","","0.000000","0.000000","","","","","","","","","","","","",""
"62501600003509","Nodes","-1019","21.000000","25.174979","Default Known Flow Node","Known Flow","231199.099354","643255.163539","","0.000000","","","","","","","","","","","","0.000000","0.000000","","","","","","","","","","","","",""
"62501600003594","Nodes","-1462539","21.000000","24.128588","Default Known Flow Node","Known Flow","231267.954086","643365.702275","","0.000000","","","","","","","","","","","","0.000000","0.000000","","","","","","","","","","","","",""
"62501600000443","Nodes","443","21.000000","23.623373","DDS demands","Known Flow","231401.704123","643336.827267","","0.000000","-6.000000","","","","","-8.949999","","","","","","-13.368557","-14.949999","","","C1 PROFILE","","","","","D1 PROFILE","","","","",""
"62501600000553","Nodes","553","21.000000","23.911803","DDS demands","Known Flow","231216.829073","643499.577312","","0.000000","","","","","","-7.730000","","","","","","-6.912304","-7.730000","","","","","","","","D1 PROFILE","","","","",""
"62501600000554","Nodes","554","21.000000","23.380500","DDS demands","Known Flow","231273.704088","643492.452310","","0.000000","","","","","","-13.939999","","","","","","-12.465396","-13.939999","","","","","","","","D1 PROFILE","","","","",""
"62501600000834","Nodes","834","21.000000","22.786402","Default Known Flow Node","Known Flow","231367.579114","643487.577308","","0.000000","","","","","","","","","","","","0.000000","0.000000","","","","","","","","","","","","",""
"62501600003898","Nodes","-655","21.000000","35.470757","Default Known Flow Node","Known Flow","230086.203765","643671.452358","","0.000000","","","","","","","","","","","","0.000000","0.000000","","","","","","","","","","","","",""
"62501600000360","Nodes","360","21.000000","35.470757","Default Known Flow Node","Known Flow","230027.578749","643600.452339","","0.000000","","","","","","","","","","","","0.000000","0.000000","","","","","","","","","","","","",""
"62501600000193","Nodes","193","21.000000","39.425002","DDS demands","Known Flow","230225.087856","643529.229995","","0.000000","","","","","","-13.109999","","","","","","-11.723196","-13.109999","","","","","","","","D1 PROFILE","","","","",""
"62501600000397","Nodes","397","21.000000","36.068897","DDS demands","Known Flow","230035.203751","643817.077398","","0.000000","","","","","","-8.859999","","","","","","-7.922770","-8.859999","","","","","","","","D1 PROFILE","","","","",""
"62501600000400","Nodes","400","21.000000","39.531675","DDS demands","Known Flow","230117.703774","643881.327416","","0.000000","","","","","","-6.249999","","","","","","-5.588861","-6.249999","","","","","","","","D1 PROFILE","","","","",""
"62501600003625","Nodes","-1462627","21.000000","39.531675","Default Known Flow Node","Known Flow","230089.828766","643875.827414","","0.000000","","","","","","","","","","","","0.000000","0.000000","","","","","","","","","","","","",""
"62501600000471","Nodes","471","21.000000","39.263388","DDS demands","Known Flow","230355.828838","643994.827446","","0.000000","","","","","","-3.089999","","","","","","-2.763133","-3.089999","","","","","","","","D1 PROFILE","","","","",""
"62501600003706","Nodes","-1462850","21.000000","39.263388","Default Known Flow Node","Known Flow","230396.953849","643996.202447","","0.000000","","","","","","","","","","","","0.000000","0.000000","","","","","","","","","","","","",""
"62501600003941","Nodes","-759","21.000000","39.879227","Default Known Flow Node","Known Flow","230288.367820","643887.836417","","0.000000","","","","","","","","","","","","0.000000","0.000000","","","","","","","","","","","","",""
"62501600003940","Nodes","-758","21.000000","39.879227","Default Known Flow Node","Known Flow","230258.889565","643886.148663","","0.000000","","","","","","","","","","","","0.000000","0.000000","","","","","","","","","","","","",""
"62501600003892","Nodes","-628","21.000000","40.343435","Default Known Flow Node","Known Flow","230322.078863","643623.576905","","0.000000","","","","","","","","","","","","0.000000","0.000000","","","","","","","","","","","","",""
"62501600003894","Nodes","-633","21.000000","40.343435","Default Known Flow Node","Known Flow","230313.078513","643638.703103","","0.000000","","","","","","","","","","","","0.000000","0.000000","","","","","","","","","","","","",""
"62501600003663","Nodes","-1462722","21.000000","40.791829","Default Known Flow Node","Known Flow","230414.328854","643612.452342","","0.000000","","","","","","","","","","","","0.000000","0.000000","","","","","","","","","","","","",""
"62501600000373","Nodes","373","21.000000","40.791829","DDS demands","Known Flow","230416.982031","643605.087491","","0.000000","","","","","","-2.920000","","","","","","-2.611116","-2.920000","","","","","","","","D1 PROFILE","","","","",""
"62501600003613","Nodes","-1462602","21.000000","40.358628","Default Known Flow Node","Known Flow","230427.453858","643631.452348","","0.000000","","","","","","","","","","","","0.000000","0.000000","","","","","","","","","","","","",""
"62501600000369","Nodes","369","21.000000","40.401060","DDS demands","Known Flow","230421.449581","643630.350645","","0.000000","","","","","","-2.840000","","","","","","-2.539578","-2.840000","","","","","","","","D1 PROFILE","","","","",""
"62501600000381","Nodes","381","21.000000","40.185166","DDS demands","Known Flow","230291.328821","643606.577341","","0.000000","","","","","","-2.170000","","","","","","-1.940452","-2.170000","","","","","","","","D1 PROFILE","","","","",""
"62501600003675","Nodes","-1462758","21.000000","40.772736","Default Known Flow Node","Known Flow","230365.953841","643617.952344","","0.000000","","","","","","","","","","","","0.000000","0.000000","","","","","","","","","","","","",""
"62501600003888","Nodes","-620","21.000000","40.772736","Default Known Flow Node","Known Flow","230370.203842","643606.952341","","0.000000","","","","","","","","","","","","0.000000","0.000000","","","","","","","","","","","","",""
"62501600003889","Nodes","-621","21.000000","35.470757","Default Known Flow Node","Known Flow","230026.828749","643607.077341","","0.000000","","","","","","","","","","","","0.000000","0.000000","","","","","","","","","","","","",""
"62501600003658","Nodes","-1462711","21.000000","39.531675","Default Known Flow Node","Known Flow","230131.578777","643883.952416","","0.000000","","","","","","","","","","","","0.000000","0.000000","","","","","","","","","","","","",""
"62501600000399","Nodes","399","21.000000","39.570642","DDS demands","Known Flow","230120.203774","643864.827411","","0.000000","","","","","","-9.029999","","","","","","-8.074787","-9.029999","","","","","","","","D1 PROFILE","","","","",""
"62501600003942","Nodes","-761","21.000000","38.711917","Default Known Flow Node","Known Flow","230182.453791","643897.327420","","0.000000","","","","","","","","","","","","0.000000","0.000000","","","","","","","","","","","","",""
"62501600000618","Nodes","618","21.000000","38.301151","DDS demands","Known Flow","230438.453861","643949.327434","","0.000000","","","","","","-16.200001","","","","","","-14.486330","-16.200001","","","","","","","","D1 PROFILE","","","","",""
"62501600003565","Nodes","-1150","21.000000","37.961805","Default Known Flow Node","Known Flow","230437.078860","643983.952443","","0.000000","","","","","","","","","","","","0.000000","0.000000","","","","","","","","","","","","",""
"62501600000501","Nodes","501","21.000000","39.791529","DDS demands","Known Flow","230485.703874","643878.577415","","0.000000","","","","","","-15.760000","","","","","","-14.092874","-15.760000","","","","","","","","D1 PROFILE","","","","",""
"62501600000493","Nodes","493","21.000000","39.416688","DDS demands","Known Flow","230282.078818","643979.702442","","0.000000","","","","-5.010000","","","","","","","","-4.480031","-5.010000","","","","","","C4 PROFILE","","","","","","",""
"62501600000494","Nodes","494","21.000000","39.311980","DDS demands","Known Flow","230222.453802","643971.327440","","0.000000","","","","","","-3.869999","","","","","","-3.460623","-3.869999","","","","","","","","D1 PROFILE","","","","",""
"62501600000186","Nodes","186","21.000000","39.450535","DDS demands","Known Flow","230284.455819","643943.765432","","0.000000","","","","","","-13.470000","","","","","","-12.045115","-13.470000","","","","","","","","D1 PROFILE","","","","",""
"62501600003965","Nodes","-792","21.000000","39.526012","Default Known Flow Node","Known Flow","230312.018073","643963.888191","","0.000000","","","","","","","","","","","","0.000000","0.000000","","","","","","","","","","","","",""
"62501600003951","Nodes","-771","21.000000","39.617031","Default Known Flow Node","Known Flow","230286.043819","643917.432425","","0.000000","","","","","","","","","","","","0.000000","0.000000","","","","","","","","","","","","",""
"62501600000380","Nodes","380","21.000000","39.666593","DDS demands","Known Flow","230375.953844","643978.577442","","0.000000","","","","","","-12.879999","","","","","","-11.517526","-12.879999","","","","","","","","D1 PROFILE","","","","",""
"62501600003949","Nodes","-769","21.000000","39.839233","Default Known Flow Node","Known Flow","230375.389597","643916.270165","","0.000000","","","","","","","","","","","","0.000000","0.000000","","","","","","","","","","","","",""
"62501600000183","Nodes","183","21.000000","39.775366","DDS demands","Known Flow","230224.822803","643753.722381","","0.000000","","","","","","-9.809999","","","","","","-8.772278","-9.809999","","","","","","","","D1 PROFILE","","","","",""
"62501600003914","Nodes","-706","21.000000","39.732827","Default Known Flow Node","Known Flow","230243.395761","643755.634551","","0.000000","","","","","","","","","","","","0.000000","0.000000","","","","","","","","","","","","",""
"62501600003922","Nodes","-719","21.000000","39.701138","Default Known Flow Node","Known Flow","230138.328779","643778.702388","","0.000000","","","","","","","","","","","","0.000000","0.000000","","","","","","","","","","","","",""
"62501600003927","Nodes","-733","21.000000","40.200996","Default Known Flow Node","Known Flow","230249.605775","643833.271544","","0.000000","","","","","","","","","","","","0.000000","0.000000","","","","","","","","","","","","",""
"62501600003929","Nodes","-737","21.000000","40.266803","Default Known Flow Node","Known Flow","230323.514583","643834.263156","","0.000000","","","","","","","","","","","","0.000000","0.000000","","","","","","","","","","","","",""
"62501600000187","Nodes","187","21.000000","40.115747","DDS demands","Known Flow","230374.703843","643836.202403","","0.000000","","","","","","-19.899999","","","","","","-17.794935","-19.899999","","","","","","","","D1 PROFILE","","","","",""
"62501600003564","Nodes","-1145","21.000000","39.978034","Default Known Flow Node","Known Flow","230413.636114","643813.016644","","0.000000","","","","","","","","","","","","0.000000","0.000000","","","","","","","","","","","","",""
"62501600000188","Nodes","188","21.000000","39.929373","DDS demands","Known Flow","230437.328860","643798.952393","","0.000000","","","","","","-8.489999","","","","","","-7.591909","-8.489999","","","","","","","","D1 PROFILE","","","","",""
"62501600000461","Nodes","461","21.000000","39.948602","DDS demands","Known Flow","230449.578864","643790.952391","","0.000000","","","","","","-12.479999","","","","","","-11.159838","-12.479999","","","","","","","","D1 PROFILE","","","","",""
"62501600000462","Nodes","462","21.000000","39.853625","DDS demands","Known Flow","230413.953854","643745.077378","","0.000000","","","","","","-3.569999","","","","","","-3.192357","-3.569999","","","","","","","","D1 PROFILE","","","","",""
"62501600003879","Nodes","-596","21.000000","40.041626","Default Known Flow Node","Known Flow","230295.828822","643550.827326","","0.000000","","","","","","","","","","","","0.000000","0.000000","","","","","","","","","","","","",""
"62501600003884","Nodes","-607","21.000000","39.898596","Default Known Flow Node","Known Flow","230291.953821","643578.827333","","0.000000","","","","","","","","","","","","0.000000","0.000000","","","","","","","","","","","","",""
"62501600000372","Nodes","372","21.000000","40.801717","DDS demands","Known Flow","230401.203851","643599.077339","","0.000000","","","","","","-4.090000","","","","","","-3.657351","-4.090000","","","","","","","","D1 PROFILE","","","","",""
"62501600003587","Nodes","-1462521","21.000000","40.791829","Default Known Flow Node","Known Flow","230421.578856","643592.327337","","0.000000","","","","","","","","","","","","0.000000","0.000000","","","","","","","","","","","","",""
"62501600003746","Nodes","-1462957","21.000000","40.401060","Default Known Flow Node","Known Flow","230413.828854","643628.952347","","0.000000","","","","","","","","","","","","0.000000","0.000000","","","","","","","","","","","","",""
"62501600003754","Nodes","-1462983","21.000000","39.701138","Default Known Flow Node","Known Flow","230098.578768","643771.452386","","0.000000","","","","","","","","","","","","0.000000","0.000000","","","","","","","","","","","","",""
"62501600003902","Nodes","-679","21.000000","39.810560","Default Known Flow Node","Known Flow","230148.703782","643718.077371","","0.000000","","","","","","","","","","","","0.000000","0.000000","","","","","","","","","","","","",""
"62501600003667","Nodes","-1462729","21.000000","39.810560","Default Known Flow Node","Known Flow","230125.828776","643715.827370","","0.000000","","","","","","","","","","","","0.000000","0.000000","","","","","","","","","","","","",""
"62501600003931","Nodes","-744","21.000000","39.504342","Default Known Flow Node","Known Flow","230191.578794","643850.327407","","0.000000","","","","","","","","","","","","0.000000","0.000000","","","","","","","","","","","","",""
"62501600003943","Nodes","-762","21.000000","38.711917","Default Known Flow Node","Known Flow","230200.458659","643901.075800","","0.000000","","","","","","","","","","","","0.000000","0.000000","","","","","","","","","","","","",""
"62501600003677","Nodes","-1462760","21.000000","39.504342","Default Known Flow Node","Known Flow","230207.953798","643864.327411","","0.000000","","","","","","","","","","","","0.000000","0.000000","","","","","","","","","","","","",""
"62501600003948","Nodes","-768","21.000000","38.711917","Default Known Flow Node","Known Flow","230198.828796","643911.827424","","0.000000","","","","","","","","","","","","0.000000","0.000000","","","","","","","","","","","","",""
"62501600003733","Nodes","-1462910","21.000000","38.711917","Default Known Flow Node","Known Flow","230196.828795","643921.827427","","0.000000","","","","","","","","","","","","0.000000","0.000000","","","","","","","","","","","","",""
"62501600003694","Nodes","-1462814","21.000000","38.711917","Default Known Flow Node","Known Flow","230201.578796","643892.827419","","0.000000","","","","","","","","","","","","0.000000","0.000000","","","","","","","","","","","","",""
"62501600003906","Nodes","-690","21.000000","39.853090","Default Known Flow Node","Known Flow","230211.828799","643732.577375","","0.000000","","","","","","","","","","","","0.000000","0.000000","","","","","","","","","","","","",""
"62501600003634","Nodes","-1462651","21.000000","39.768034","Default Known Flow Node","Known Flow","230222.578802","643702.202367","","0.000000","","","","","","","","","","","","0.000000","0.000000","","","","","","","","","","","","",""
"62501600003955","Nodes","-779","21.000000","38.599923","Default Known Flow Node","Known Flow","230216.453800","643940.577432","","0.000000","","","","","","","","","","","","0.000000","0.000000","","","","","","","","","","","","",""
"62501600003954","Nodes","-778","21.000000","38.599923","Default Known Flow Node","Known Flow","230229.953804","643939.827431","","0.000000","","","","","","","","","","","","0.000000","0.000000","","","","","","","","","","","","",""
"62501600003635","Nodes","-1462652","21.000000","38.599923","Default Known Flow Node","Known Flow","230205.953798","643937.952431","","0.000000","","","","","","","","","","","","0.000000","0.000000","","","","","","","","","","","","",""
"62501600003599","Nodes","-1462554","21.000000","38.599923","Default Known Flow Node","Known Flow","230245.078808","643934.327430","","0.000000","","","","","","","","","","","","0.000000","0.000000","","","","","","","","","","","","",""
"62501600003933","Nodes","-746","21.000000","40.200996","Default Known Flow Node","Known Flow","230235.203805","643851.577407","","0.000000","","","","","","","","","","","","0.000000","0.000000","","","","","","","","","","","","",""
"62501600003704","Nodes","-1462847","21.000000","40.200996","Default Known Flow Node","Known Flow","230229.328804","643851.077407","","0.000000","","","","","","","","","","","","0.000000","0.000000","","","","","","","","","","","","",""
"62501600003918","Nodes","-712","21.000000","39.732827","Default Known Flow Node","Known Flow","230242.263704","643765.584199","","0.000000","","","","","","","","","","","","0.000000","0.000000","","","","","","","","","","","","",""
"62501600003622","Nodes","-1462621","21.000000","39.817908","Default Known Flow Node","Known Flow","230257.578812","643775.327387","","0.000000","","","","","","","","","","","","0.000000","0.000000","","","","","","","","","","","","",""
"62501600003756","Nodes","-1462988","21.000000","39.732827","Default Known Flow Node","Known Flow","230228.703804","643771.327386","","0.000000","","","","","","","","","","","","0.000000","0.000000","","","","","","","","","","","","",""
"62501600003930","Nodes","-743","21.000000","40.200996","Default Known Flow Node","Known Flow","230247.952992","643849.828035","","0.000000","","","","","","","","","","","","0.000000","0.000000","","","","","","","","","","","","",""
"62501600003926","Nodes","-728","21.000000","40.178418","Default Known Flow Node","Known Flow","230255.828811","643809.077396","","0.000000","","","","","","","","","","","","0.000000","0.000000","","","","","","","","","","","","",""
"62501600003760","Nodes","-1462994","21.000000","40.178418","Default Known Flow Node","Known Flow","230264.578813","643810.327396","","0.000000","","","","","","","","","","","","0.000000","0.000000","","","","","","","","","","","","",""
"62501600003755","Nodes","-1462985","21.000000","40.178418","Default Known Flow Node","Known Flow","230246.578809","643807.202395","","0.000000","","","","","","","","","","","","0.000000","0.000000","","","","","","","","","","","","",""
"62501600003945","Nodes","-765","21.000000","39.879227","Default Known Flow Node","Known Flow","230257.078811","643907.452423","","0.000000","","","","","","","","","","","","0.000000","0.000000","","","","","","","","","","","","",""
"62501600003693","Nodes","-1462807","21.000000","39.879227","Default Known Flow Node","Known Flow","230254.453811","643925.077427","","0.000000","","","","","","","","","","","","0.000000","0.000000","","","","","","","","","","","","",""
"62501600003602","Nodes","-1462560","21.000000","39.879227","Default Known Flow Node","Known Flow","230260.328812","643871.702413","","0.000000","","","","","","","","","","","","0.000000","0.000000","","","","","","","","","","","","",""
"62501600003923","Nodes","-721","21.000000","40.464220","Default Known Flow Node","Known Flow","230283.953253","643782.081284","","0.000000","","","","","","","","","","","","0.000000","0.000000","","","","","","","","","","","","",""
"62501600003640","Nodes","-1462667","21.000000","40.464220","Default Known Flow Node","Known Flow","230278.578817","643787.827390","","0.000000","","","","","","","","","","","","0.000000","0.000000","","","","","","","","","","","","",""
"62501600003624","Nodes","-1462626","21.000000","40.464220","Default Known Flow Node","Known Flow","230280.453818","643775.202387","","0.000000","","","","","","","","","","","","0.000000","0.000000","","","","","","","","","","","","",""
"62501600000530","Nodes","530","21.000000","40.157862","DDS demands","Known Flow","230283.953819","643602.577340","","0.000000","","","","","","-8.640000","","","","","","-7.726043","-8.640000","","","","","","","","D1 PROFILE","","","","",""
"62501600003885","Nodes","-609","21.000000","39.898596","Default Known Flow Node","Known Flow","230310.453826","643584.327335","","0.000000","","","","","","","","","","","","0.000000","0.000000","","","","","","","","","","","","",""
"62501600003904","Nodes","-686","21.000000","40.489219","Default Known Flow Node","Known Flow","230298.320776","643731.209830","","0.000000","","","","","","","","","","","","0.000000","0.000000","","","","","","","","","","","","",""
"62501600003711","Nodes","-1462862","21.000000","40.404274","Default Known Flow Node","Known Flow","230304.703824","643722.452372","","0.000000","","","","","","","","","","","","0.000000","0.000000","","","","","","","","","","","","",""
"62501600003730","Nodes","-1462907","21.000000","40.489219","Default Known Flow Node","Known Flow","230287.703820","643733.577375","","0.000000","","","","","","","","","","","","0.000000","0.000000","","","","","","","","","","","","",""
"62501600003664","Nodes","-1462725","21.000000","39.898596","Default Known Flow Node","Known Flow","230313.078827","643577.202333","","0.000000","","","","","","","","","","","","0.000000","0.000000","","","","","","","","","","","","",""
"62501600003646","Nodes","-1462678","21.000000","39.898596","Default Known Flow Node","Known Flow","230313.578827","643588.202336","","0.000000","","","","","","","","","","","","0.000000","0.000000","","","","","","","","","","","","",""
"62501600003959","Nodes","-786","21.000000","39.526012","Default Known Flow Node","Known Flow","230319.825507","643950.576622","","0.000000","","","","","","","","","","","","0.000000","0.000000","","","","","","","","","","","","",""
"62501600003604","Nodes","-1462572","21.000000","40.343435","Default Known Flow Node","Known Flow","230321.453829","643643.827351","","0.000000","","","","","","","","","","","","0.000000","0.000000","","","","","","","","","","","","",""
"62501600003577","Nodes","-1462483","21.000000","40.343435","Default Known Flow Node","Known Flow","230308.203825","643635.702349","","0.000000","","","","","","","","","","","","0.000000","0.000000","","","","","","","","","","","","",""
"62501600003623","Nodes","-1462622","21.000000","39.526012","Default Known Flow Node","Known Flow","230315.953827","643943.452432","","0.000000","","","","","","","","","","","","0.000000","0.000000","","","","","","","","","","","","",""
"62501600003961","Nodes","-788","21.000000","39.526012","Default Known Flow Node","Known Flow","230329.578831","643954.327435","","0.000000","","","","","","","","","","","","0.000000","0.000000","","","","","","","","","","","","",""
"62501600003893","Nodes","-629","21.000000","40.362943","Default Known Flow Node","Known Flow","230334.203832","643630.077347","","0.000000","","","","","","","","","","","","0.000000","0.000000","","","","","","","","","","","","",""
"62501600003934","Nodes","-747","21.000000","40.266803","Default Known Flow Node","Known Flow","230321.203829","643859.077409","","0.000000","","","","","","","","","","","","0.000000","0.000000","","","","","","","","","","","","",""
"62501600003616","Nodes","-1462607","21.000000","39.526012","Default Known Flow Node","Known Flow","230335.953833","643956.827436","","0.000000","","","","","","","","","","","","0.000000","0.000000","","","","","","","","","","","","",""
"62501600003895","Nodes","-634","21.000000","40.466164","Default Known Flow Node","Known Flow","230354.828838","643640.077350","","0.000000","","","","","","","","","","","","0.000000","0.000000","","","","","","","","","","","","",""
"62501600003887","Nodes","-619","21.000000","40.405391","Default Known Flow Node","Known Flow","230345.828762","643606.954334","","0.000000","","","","","","","","","","","","0.000000","0.000000","","","","","","","","","","","","",""
"62501600003697","Nodes","-1462827","21.000000","40.405391","Default Known Flow Node","Known Flow","230349.203836","643609.077341","","0.000000","","","","","","","","","","","","0.000000","0.000000","","","","","","","","","","","","",""
"62501600003670","Nodes","-1462738","21.000000","40.405391","Default Known Flow Node","Known Flow","230342.703835","643605.077340","","0.000000","","","","","","","","","","","","0.000000","0.000000","","","","","","","","","","","","",""
"62501600003937","Nodes","-753","21.000000","39.996404","Default Known Flow Node","Known Flow","230348.203836","643869.577412","","0.000000","","","","","","","","","","","","0.000000","0.000000","","","","","","","","","","","","",""
"62501600003657","Nodes","-1462710","21.000000","39.996404","Default Known Flow Node","Known Flow","230346.828836","643884.452416","","0.000000","","","","","","","","","","","","0.000000","0.000000","","","","","","","","","","","","",""
"62501600003672","Nodes","-1462752","21.000000","39.996404","Default Known Flow Node","Known Flow","230345.828836","643866.077411","","0.000000","","","","","","","","","","","","0.000000","0.000000","","","","","","","","","","","","",""
"62501600003953","Nodes","-775","21.000000","39.881788","Default Known Flow Node","Known Flow","230349.078836","643934.952430","","0.000000","","","","","","","","","","","","0.000000","0.000000","","","","","","","","","","","","",""
"62501600003753","Nodes","-1462978","21.000000","39.881788","Default Known Flow Node","Known Flow","230349.328837","643948.077434","","0.000000","","","","","","","","","","","","0.000000","0.000000","","","","","","","","","","","","",""
"62501600003950","Nodes","-770","21.000000","39.839233","Default Known Flow Node","Known Flow","230349.386097","643916.641672","","0.000000","","","","","","","","","","","","0.000000","0.000000","","","","","","","","","","","","",""
"62501600003947","Nodes","-767","21.000000","39.839233","Default Known Flow Node","Known Flow","230349.203836","643908.702423","","0.000000","","","","","","","","","","","","0.000000","0.000000","","","","","","","","","","","","",""
"62501600003721","Nodes","-1462881","21.000000","40.486605","Default Known Flow Node","Known Flow","230330.453831","643686.452362","","0.000000","","","","","","","","","","","","0.000000","0.000000","","","","","","","","","","","","",""
"62501600003707","Nodes","-1462851","21.000000","40.466164","Default Known Flow Node","Known Flow","230341.453834","643651.702353","","0.000000","","","","","","","","","","","","0.000000","0.000000","","","","","","","","","","","","",""
"62501600003938","Nodes","-754","21.000000","39.996404","Default Known Flow Node","Known Flow","230374.264597","643870.766659","","0.000000","","","","","","","","","","","","0.000000","0.000000","","","","","","","","","","","","",""
"62501600003653","Nodes","-1462699","21.000000","40.063083","Default Known Flow Node","Known Flow","230410.203853","643844.452405","","0.000000","","","","","","","","","","","","0.000000","0.000000","","","","","","","","","","","","",""
"62501600003891","Nodes","-623","21.000000","35.470757","Default Known Flow Node","Known Flow","230026.703749","643613.452343","","0.000000","","","","","","","","","","","","0.000000","0.000000","","","","","","","","","","","","",""
"62501600003932","Nodes","-745","21.000000","40.200996","Default Known Flow Node","Known Flow","230255.828811","643850.952407","","0.000000","","","","","","","","","","","","0.000000","0.000000","","","","","","","","","","","","",""
"62501600003636","Nodes","-1462653","21.000000","40.200996","Default Known Flow Node","Known Flow","230261.953813","643858.452409","","0.000000","","","","","","","","","","","","0.000000","0.000000","","","","","","","","","","","","",""
"62501600003837","Nodes","-4904599","21.000000","39.617031","Default Known Flow Node","Known Flow","230302.695517","643918.636943","","0.000000","","","","","","","","","","","","0.000000","0.000000","","","","","","","","","","","","",""
"62501600003946","Nodes","-766","21.000000","39.617031","Default Known Flow Node","Known Flow","230306.703825","643908.702423","","0.000000","","","","","","","","","","","","0.000000","0.000000","","","","","","","","","","","","",""
"62501600003944","Nodes","-763","21.000000","39.617031","Default Known Flow Node","Known Flow","230307.328825","643902.452421","","0.000000","","","","","","","","","","","","0.000000","0.000000","","","","","","","","","","","","",""
"62501600003936","Nodes","-750","21.000000","40.266803","Default Known Flow Node","Known Flow","230309.703826","643864.327411","","0.000000","","","","","","","","","","","","0.000000","0.000000","","","","","","","","","","","","",""
"62501600003645","Nodes","-1462677","21.000000","40.266803","Default Known Flow Node","Known Flow","230308.578825","643871.452413","","0.000000","","","","","","","","","","","","0.000000","0.000000","","","","","","","","","","","","",""
"62501600003935","Nodes","-748","21.000000","40.266803","Default Known Flow Node","Known Flow","230324.703830","643859.827410","","0.000000","","","","","","","","","","","","0.000000","0.000000","","","","","","","","","","","","",""
"62501600003747","Nodes","-1462959","21.000000","40.266803","Default Known Flow Node","Known Flow","230333.578832","643860.952410","","0.000000","","","","","","","","","","","","0.000000","0.000000","","","","","","","","","","","","",""
"62501600003757","Nodes","-1462991","21.000000","39.839233","Default Known Flow Node","Known Flow","230349.453837","643904.452422","","0.000000","","","","","","","","","","","","0.000000","0.000000","","","","","","","","","","","","",""
"62501600000189","Nodes","189","21.000000","37.961776","DDS demands","Known Flow","230437.078860","643987.702444","","0.000000","","","","","","-1.749999","","","","","","-1.564881","-1.749999","","","","","","","","D1 PROFILE","","","","",""
"62501600000816","Nodes","816","21.000000","40.197573","Default Known Flow Node","Known Flow","230268.803815","643648.565352","","0.000000","","","","","","","","","","","","0.000000","0.000000","","","","","","","","","","","","",""
"62501600001817","Nodes","1817","21.000000","40.129876","Default Known Flow Node","Known Flow","230263.790813","643661.494356","","0.000000","","","","","","","","","","","","0.000000","0.000000","","","","","","","","","","","","",""
"62501600003573","Nodes","-1462476","21.000000","40.772736","Default Known Flow Node","Known Flow","230373.453843","643597.827338","","0.000000","","","","","","","","","","","","0.000000","0.000000","","","","","","","","","","","","",""
"62501600000619","Nodes","619","21.000000","38.201600","DDS demands","Known Flow","230500.953878","643951.952435","","0.000000","","","","","","-4.330000","","","","","","-3.871963","-4.330000","","","","","","","","D1 PROFILE","","","","",""
"62501600000502","Nodes","502","21.000000","39.654297","DDS demands","Known Flow","230532.703886","643851.577407","","0.000000","","","","","","-10.410000","","","","","","-9.308808","-10.410000","","","","","","","","D1 PROFILE","","","","",""
"62501600000463","Nodes","463","21.000000","39.944052","DDS demands","Known Flow","230510.203880","643754.827381","","0.000000","","","","","","-7.690000","","","","","","-6.876535","-7.690000","","","","","","","","D1 PROFILE","","","","",""
"62501600000625","Nodes","625","21.000000","39.438782","DDS demands","Known Flow","230541.328889","643936.077430","","0.000000","","","","","","-4.600000","","","","","","-4.113402","-4.600000","","","","","","","","D1 PROFILE","","","","",""
"62501600000624","Nodes","624","21.000000","39.542832","DDS demands","Known Flow","230581.203900","643887.702417","","0.000000","","","","","","-9.800000","","","","","","-8.763336","-9.800000","","","","","","","","D1 PROFILE","","","","",""
"62501600000465","Nodes","465","21.000000","39.365438","DDS demands","Known Flow","230639.578915","643845.077406","","0.000000","","","","","","-6.480000","","","","","","-5.794532","-6.480000","","","","","","","","D1 PROFILE","","","","",""
"62501600000464","Nodes","464","21.000000","39.804659","DDS demands","Known Flow","230538.578888","643772.077386","","0.000000","","","","","","-12.780000","","","","","","-11.428104","-12.780000","","","","","","","","D1 PROFILE","","","","",""
"62501600000561","Nodes","561","21.000000","23.229768","DDS demands","Known Flow","230905.828988","643622.952345","","0.000000","","","","","","-3.199999","","","","","","-2.861497","-3.199999","","","","","","","","D1 PROFILE","","","","",""
"62501600000560","Nodes","560","21.000000","23.244694","DDS demands","Known Flow","230924.578993","643616.827344","","0.000000","","","","","","-5.630000","","","","","","-5.034446","-5.630000","","","","","","","","D1 PROFILE","","","","",""
"62501600000650","Nodes","650","21.000000","23.147249","DDS demands","Known Flow","230936.578996","643709.077369","","0.000000","","","","","","-12.899999","","","","","","-11.535410","-12.899999","","","","","","","","D1 PROFILE","","","","",""
"62501600003550","Nodes","-1118","21.000000","23.111208","Default Known Flow Node","Known Flow","230935.268243","643669.891605","","0.000000","","","","","","","","","","","","0.000000","0.000000","","","","","","","","","","","","",""
"62501600000752","Nodes","752","21.000000","32.054896","Default Known Flow Node","Known Flow","230851.953973","643763.077383","","0.000000","","","","","","","","","","","","0.000000","0.000000","","","","","","","","","","","","",""
"62501600000751","Nodes","751","21.000000","32.184384","Default Known Flow Node","Known Flow","230892.453984","643728.827374","","0.000000","","","","","","","","","","","","0.000000","0.000000","","","","","","","","","","","","",""
"62501600000653","Nodes","653","21.000000","22.759382","DDS demands","Known Flow","230998.829013","643746.327379","","0.000000","","","","","","-5.929999","","","","","","-5.302711","-5.929999","","","","","","","","D1 PROFILE","","","","",""
"62501600003557","Nodes","-1132","21.000000","22.846972","Default Known Flow Node","Known Flow","230963.204004","643749.202380","","0.000000","","","","","","","","","","","","0.000000","0.000000","","","","","","","","","","","","",""
"62501600000503","Nodes","503","21.000000","39.539463","DDS demands","Known Flow","230596.453904","643903.952422","","0.000000","","","","","","-3.640000","","","","","","-3.254953","-3.640000","","","","","","","","D1 PROFILE","","","","",""
"62501600000190","Nodes","190","21.000000","39.979000","DDS demands","Known Flow","230528.078885","643695.077365","","0.000000","","","","","","-14.239999","","","","","","-12.733662","-14.239999","","","","","","","","D1 PROFILE","","","","",""
"62501600000466","Nodes","466","21.000000","39.612470","DDS demands","Known Flow","230651.578919","643809.827396","","0.000000","","","","","","-5.019999","","","","","","-4.488973","-5.019999","","","","","","","","D1 PROFILE","","","","",""
"62501600000559","Nodes","559","21.000000","23.366994","DDS demands","Known Flow","230929.078994","643588.452336","","0.000000","","","","","","-13.839999","","","","","","-12.375975","-13.839999","","","","","","","","D1 PROFILE","","","","",""
"62501600003553","Nodes","-1126","21.000000","23.147249","Default Known Flow Node","Known Flow","230959.704003","643711.202369","","0.000000","","","","","","","","","","","","0.000000","0.000000","","","","","","","","","","","","",""
"62501600000649","Nodes","649","21.000000","23.243911","DDS demands","Known Flow","230961.829003","643682.077361","","0.000000","","","","","","-5.140000","","","","","","-4.596280","-5.140000","","","","","","","","D1 PROFILE","","","","",""
"62501600003700","Nodes","-1462833","21.000000","23.111208","Default Known Flow Node","Known Flow","230936.328996","643654.702354","","0.000000","","","","","","","","","","","","0.000000","0.000000","","","","","","","","","","","","",""
"62501600003639","Nodes","-1462666","21.000000","23.147249","Default Known Flow Node","Known Flow","230959.829003","643705.952368","","0.000000","","","","","","","","","","","","0.000000","0.000000","","","","","","","","","","","","",""
"62501600003586","Nodes","-1462518","21.000000","23.147249","Default Known Flow Node","Known Flow","230959.454003","643716.577371","","0.000000","","","","","","","","","","","","0.000000","0.000000","","","","","","","","","","","","",""
"62501600003580","Nodes","-1462492","21.000000","22.846972","Default Known Flow Node","Known Flow","230964.204004","643739.202377","","0.000000","","","","","","","","","","","","0.000000","0.000000","","","","","","","","","","","","",""
"62501600000552","Nodes","552","21.000000","24.164426","DDS demands","Known Flow","231148.704054","643508.577314","","0.000000","","","","","","-5.670000","","","","","","-5.070216","-5.670000","","","","","","","","D1 PROFILE","","","","",""
"62501600000647","Nodes","647","21.000000","23.269516","DDS demands","Known Flow","231018.579019","643686.827363","","0.000000","","","","","","-13.170000","","","","","","-11.776849","-13.170000","","","","","","","","D1 PROFILE","","","","",""
"62501600000651","Nodes","651","21.000000","23.327790","DDS demands","Known Flow","231003.829015","643778.452388","","0.000000","","","","","","-6.170000","","","","","","-5.517324","-6.170000","","","","","","","","D1 PROFILE","","","","",""
"62501600003552","Nodes","-1124","21.000000","23.293524","Default Known Flow Node","Known Flow","231049.231424","643697.337639","","0.000000","","","","","","","","","","","","0.000000","0.000000","","","","","","","","","","","","",""
"62501600003637","Nodes","-1462660","21.000000","23.249718","Default Known Flow Node","Known Flow","231082.454036","643699.952366","","0.000000","","","","","","","","","","","","0.000000","0.000000","","","","","","","","","","","","",""
"62501600000556","Nodes","556","21.000000","23.880913","DDS demands","Known Flow","231081.829036","643536.827322","","0.000000","","","","","","-8.100000","","","","","","-7.243165","-8.100000","","","","","","","","D1 PROFILE","","","","",""
"62501600000557","Nodes","557","21.000000","23.888415","DDS demands","Known Flow","231057.454029","643556.327327","","0.000000","","","","","","-3.479999","","","","","","-3.111878","-3.479999","","","","","","","","D1 PROFILE","","","","",""
"62501600003558","Nodes","-1134","21.000000","23.251619","Default Known Flow Node","Known Flow","231029.454022","643765.202384","","0.000000","","","","","","","","","","","","0.000000","0.000000","","","","","","","","","","","","",""
"62501600003574","Nodes","-1462479","21.000000","23.251619","Default Known Flow Node","Known Flow","231057.204029","643767.452385","","0.000000","","","","","","","","","","","","0.000000","0.000000","","","","","","","","","","","","",""
"62501600003556","Nodes","-1131","21.000000","23.303527","Default Known Flow Node","Known Flow","231032.329022","643739.577377","","0.000000","","","","","","","","","","","","0.000000","0.000000","","","","","","","","","","","","",""
"62501600003716","Nodes","-1462873","21.000000","23.303527","Default Known Flow Node","Known Flow","231066.454032","643742.202378","","0.000000","","","","","","","","","","","","0.000000","0.000000","","","","","","","","","","","","",""
"62501600003551","Nodes","-1119","21.000000","23.236230","Default Known Flow Node","Known Flow","231058.954030","643673.327359","","0.000000","","","","","","","","","","","","0.000000","0.000000","","","","","","","","","","","","",""
"62501600000563","Nodes","563","21.000000","23.259088","DDS demands","Known Flow","231072.454033","643657.452355","","0.000000","","","","","","-6.340000","","","","","","-5.669341","-6.340000","","","","","","","","D1 PROFILE","","","","",""
"62501600003614","Nodes","-1462603","21.000000","23.192436","Default Known Flow Node","Known Flow","231085.204037","643675.077359","","0.000000","","","","","","","","","","","","0.000000","0.000000","","","","","","","","","","","","",""
"62501600000555","Nodes","555","21.000000","24.011691","DDS demands","Known Flow","231150.579055","643541.827323","","0.000000","","","","","","-10.239999","","","","","","-9.156791","-10.239999","","","","","","","","D1 PROFILE","","","","",""
"62501600000558","Nodes","558","21.000000","23.862705","DDS demands","Known Flow","231027.454021","643545.202324","","0.000000","","","","","","-5.539999","","","","","","-4.953967","-5.539999","","","","","","","","D1 PROFILE","","","","",""
"62501600000646","Nodes","646","21.000000","23.306747","DDS demands","Known Flow","231051.954028","643690.077363","","0.000000","","","","","","-12.130000","","","","","","-10.846863","-12.130000","","","","","","","","D1 PROFILE","","","","",""
"62501600000648","Nodes","648","21.000000","23.267585","DDS demands","Known Flow","230998.204013","643703.452367","","0.000000","","","","","","-0.669999","","","","","","-0.599125","-0.669999","","","","","","","","D1 PROFILE","","","","",""
"62501600001751","Nodes","1751","21.000000","23.165097","DDS demands","Known Flow","231117.454046","643697.327365","","0.000000","","-20.040000","","","","","","","","","","-17.920126","-20.040000","","","","C2 PROFILE","","","","","","","","",""
"62501600000562","Nodes","562","21.000000","23.699509","DDS demands","Known Flow","231068.454032","643610.077342","","0.000000","","","-9.029999","","","-24.360000","","","","","","-29.857935","-33.390000","","","","","C3 PROFILE","","","D1 PROFILE","","","","",""
"62501600000564","Nodes","564","21.000000","23.628627","DDS demands","Known Flow","231012.954017","643613.327343","","0.000000","","","","","","-10.600000","","","","","","-9.478710","-10.600000","","","","","","","","D1 PROFILE","","","","",""
"62501600003605","Nodes","-1462573","21.000000","23.672388","Default Known Flow Node","Known Flow","230956.954002","643611.452342","","0.000000","","","","","","","","","","","","0.000000","0.000000","","","","","","","","","","","","",""
"62501600000482","Nodes","482","21.000000","39.247554","DDS demands","Known Flow","230355.203838","644007.452450","","0.000000","","","","","","-4.699999","","","","","","-4.202823","-4.699999","","","","","","","","D1 PROFILE","","","","",""
"62501600000025","Nodes","25","21.000000","35.971939","DDS demands","Known Flow","230109.578771","644037.827458","","0.000000","","","","","","-20.349999","","","","","","-18.197333","-20.349999","","","","","","","","D1 PROFILE","","","","",""
"62501600000475","Nodes","475","21.000000","37.812886","DDS demands","Known Flow","230181.078791","644027.452455","","0.000000","","","","","","-12.700000","","","","","","-11.356567","-12.700000","","","","","","","","D1 PROFILE","","","","",""
"62501600000623","Nodes","623","21.000000","37.938463","DDS demands","Known Flow","230434.828860","644003.577449","","0.000000","","","","","","-11.090000","","","","","","-9.916877","-11.090000","","","","","","","","D1 PROFILE","","","","",""
"62501600000631","Nodes","631","21.000000","35.827261","DDS demands","Known Flow","230208.953798","644267.452521","","0.000000","","","","","","-2.349999","","","","","","-2.101411","-2.349999","","","","","","","","D1 PROFILE","","","","",""
"62501600000021","Nodes","21","21.000000","35.858872","DDS demands","Known Flow","230170.703788","644202.202503","","0.000000","","","","","","-6.489999","","","","","","-5.803474","-6.489999","","","","","","","","D1 PROFILE","","","","",""
"62501600000481","Nodes","481","21.000000","36.984227","DDS demands","Known Flow","230324.953830","644205.702504","","0.000000","","","","","","-21.680000","","","","","","-19.386643","-21.680000","","","","","","","","D1 PROFILE","","","","",""
"62501600003597","Nodes","-1462548","21.000000","37.027008","Default Known Flow Node","Known Flow","230320.703829","644236.452512","","0.000000","","","","","","","","","","","","0.000000","0.000000","","","","","","","","","","","","",""
"62501600000485","Nodes","485","21.000000","38.663478","DDS demands","Known Flow","230264.453813","644046.827461","","0.000000","","","","","","-2.799999","","","","","","-2.503810","-2.799999","","","","","","","","D1 PROFILE","","","","",""
"62501600000484","Nodes","484","21.000000","38.712838","DDS demands","Known Flow","230344.953835","644070.577467","","0.000000","","","","","","-18.069999","","","","","","-16.158517","-18.069999","","","","","","","","D1 PROFILE","","","","",""
"62501600003736","Nodes","-1462924","21.000000","37.032782","Default Known Flow Node","Known Flow","230274.703816","644186.702499","","0.000000","","","","","","","","","","","","0.000000","0.000000","","","","","","","","","","","","",""
"62501600000478","Nodes","478","21.000000","37.032782","DDS demands","Known Flow","230270.014568","644193.016747","","0.000000","","","","","","-20.529999","","","","","","-18.358293","-20.529999","","","","","","","","D1 PROFILE","","","","",""
"62501600003568","Nodes","-1157","21.000000","37.655291","Default Known Flow Node","Known Flow","230440.953861","644092.827473","","0.000000","","","","","","","","","","","","0.000000","0.000000","","","","","","","","","","","","",""
"62501600000497","Nodes","497","21.000000","37.709238","DDS demands","Known Flow","230421.828856","644126.327482","","0.000000","","","","","","-8.109999","","","","","","-7.252106","-8.109999","","","","","","","","D1 PROFILE","","","","",""
"62501600000024","Nodes","24","21.000000","35.860848","DDS demands","Known Flow","230005.078743","644092.202473","","0.000000","","","","","","-25.480000","","-8.430000","","","","-30.322929","-33.910000","","","","","","","","D1 PROFILE","","DM PROFILE","","",""
"62501600003979","Nodes","-832","21.000000","35.888157","Default Known Flow Node","Known Flow","229990.328739","644166.952493","","0.000000","","","","","","","","","","","","0.000000","0.000000","","","","","","","","","","","","",""
"62501600000023","Nodes","23","21.000000","35.839709","DDS demands","Known Flow","230124.078775","644101.327475","","0.000000","","","","","","-10.949999","","","","","","-9.791686","-10.949999","","","","","","","","D1 PROFILE","","","","",""
"62501600000022","Nodes","22","21.000000","35.823476","DDS demands","Known Flow","230146.078781","644164.327493","","0.000000","","","","","","-18.249999","","","","","","-16.319476","-18.249999","","","","","","","","D1 PROFILE","","","","",""
"62501600003982","Nodes","-843","21.000000","37.029852","Default Known Flow Node","Known Flow","230263.953813","644204.952504","","0.000000","","","","","","","","","","","","0.000000","0.000000","","","","","","","","","","","","",""
"62501600000477","Nodes","477","21.000000","37.659549","DDS demands","Known Flow","230193.328794","644072.452468","","0.000000","","","","","","-11.729999","","","","","","-10.489175","-11.729999","","","","","","","","D1 PROFILE","","","","",""
"62501600003978","Nodes","-831","21.000000","35.823353","DDS demands","Known Flow","230146.793896","644165.351847","","0.000000","","","","","","-7.820000","","","","","","-6.992784","-7.820000","","","","","","","","D1 PROFILE","","","","",""
"62501600003977","Nodes","-829","21.000000","37.206827","Default Known Flow Node","Known Flow","230318.078828","644162.202492","","0.000000","","","","","","","","","","","","0.000000","0.000000","","","","","","","","","","","","",""
"62501600000476","Nodes","476","21.000000","37.698076","DDS demands","Known Flow","230186.578792","644047.452461","","0.000000","","","","","","-8.109999","","","","","","-7.252106","-8.109999","","","","","","","","D1 PROFILE","","","","",""
"62501600003973","Nodes","-817","21.000000","37.561420","Default Known Flow Node","Known Flow","230260.203812","644057.952464","","0.000000","","","","","","","","","","","","0.000000","0.000000","","","","","","","","","","","","",""
"62501600003975","Nodes","-822","21.000000","38.702013","Default Known Flow Node","Known Flow","230355.078838","644072.327467","","0.000000","","","","","","","","","","","","0.000000","0.000000","","","","","","","","","","","","",""
"62501600000483","Nodes","483","21.000000","38.989829","DDS demands","Known Flow","230347.203836","644059.577464","","0.000000","","","","","","-3.589999","","","","","","-3.210242","-3.589999","","","","","","","","D1 PROFILE","","","","",""
"62501600000480","Nodes","480","21.000000","37.566359","DDS demands","Known Flow","230259.953812","644087.827472","","0.000000","","","","","","-11.620000","","","","","","-10.390811","-11.620000","","","","","","","","D1 PROFILE","","","","",""
"62501600000621","Nodes","621","21.000000","37.838205","DDS demands","Known Flow","230499.327661","644024.574049","","0.000000","","","","","","-11.190000","","","","","","-10.006298","-11.190000","","","","","","","","D1 PROFILE","","","","",""
"62501600000487","Nodes","487","21.000000","37.781131","DDS demands","Known Flow","230495.953876","644050.827462","","0.000000","-6.000000","","","","","-1.309999","","","","","","-6.536733","-7.309999","","","C1 PROFILE","","","","","D1 PROFILE","","","","",""
"62501600003567","Nodes","-1153","21.000000","37.790489","Default Known Flow Node","Known Flow","230498.604181","644032.581132","","0.000000","","","","","","","","","","","","0.000000","0.000000","","","","","","","","","","","","",""
"62501600000496","Nodes","496","21.000000","37.693149","DDS demands","Known Flow","230488.453874","644098.952475","","0.000000","","","","","","-8.970000","","","","","","-8.021135","-8.970000","","","","","","","","D1 PROFILE","","","","",""
"62501600000498","Nodes","498","21.000000","37.493048","DDS demands","Known Flow","230387.203847","644179.952497","","0.000000","","","","","","-12.310000","","","","","","-11.007822","-12.310000","","","","","","","","D1 PROFILE","","","","",""
"62501600000510","Nodes","510","21.000000","37.311199","DDS demands","Known Flow","230383.828846","644259.952519","","0.000000","","","","","","-4.920000","","","","","","-4.399552","-4.920000","","","","","","","","D1 PROFILE","","","","",""
"62501600003980","Nodes","-833","21.000000","37.554442","Default Known Flow Node","Known Flow","230384.953846","644172.577495","","0.000000","","","","","","","","","","","","0.000000","0.000000","","","","","","","","","","","","",""
"62501600003705","Nodes","-1462848","21.000000","37.561420","Default Known Flow Node","Known Flow","230263.578813","644058.202464","","0.000000","","","","","","","","","","","","0.000000","0.000000","","","","","","","","","","","","",""
"62501600000479","Nodes","479","21.000000","36.693835","DDS demands","Known Flow","230326.703830","644290.827527","","0.000000","","","","","","-4.369999","","","","","","-3.907732","-4.369999","","","","","","","","D1 PROFILE","","","","",""
"62501600003976","Nodes","-826","21.000000","38.702013","Default Known Flow Node","Known Flow","230352.203837","644093.202473","","0.000000","","","","","","","","","","","","0.000000","0.000000","","","","","","","","","","","","",""
"62501600003596","Nodes","-1462543","21.000000","38.702013","Default Known Flow Node","Known Flow","230332.078832","644089.827472","","0.000000","","","","","","","","","","","","0.000000","0.000000","","","","","","","","","","","","",""
"62501600003584","Nodes","-1462512","21.000000","38.702013","Default Known Flow Node","Known Flow","230364.328841","644094.952474","","0.000000","","","","","","","","","","","","0.000000","0.000000","","","","","","","","","","","","",""
"62501600000486","Nodes","486","21.000000","38.538690","DDS demands","Known Flow","230428.328858","644083.202470","","0.000000","","","","","","-3.910000","","","","","","-3.496392","-3.910000","","","","","","","","D1 PROFILE","","","","",""
"62501600003566","Nodes","-1152","21.000000","37.793086","Default Known Flow Node","Known Flow","230499.203877","644028.452456","","0.000000","","","","","","","","","","","","0.000000","0.000000","","","","","","","","","","","","",""
"62501600000448","Nodes","448","21.000000","37.738436","Default Known Flow Node","Known Flow","230528.573395","644055.211937","","0.000000","","","","","","","","","","","","0.000000","0.000000","","","","","","","","","","","","",""
"62501600003569","Nodes","-1159","21.000000","37.541907","Default Known Flow Node","Known Flow","230544.328890","644107.202477","","0.000000","","","","","","","","","","","","0.000000","0.000000","","","","","","","","","","","","",""
"62501600000622","Nodes","622","21.000000","37.374285","DDS demands","Known Flow","230605.203906","643946.077433","","0.000000","","","","","","-7.430000","","","","","","-6.644039","-7.430000","","","","","","","","D1 PROFILE","","","","",""
"62501600000500","Nodes","500","21.000000","37.535196","DDS demands","Known Flow","230518.828883","644187.702499","","0.000000","","","","","","-4.829999","","","","","","-4.319072","-4.829999","","","","","","","","D1 PROFILE","","","","",""
"62501600000518","Nodes","518","21.000000","36.786173","DDS demands","Known Flow","230450.203864","644224.827509","","0.000000","","","","","","-10.180000","","","","","","-9.103139","-10.180000","","","","","","","","D1 PROFILE","","","","",""
"62501600000499","Nodes","499","21.000000","37.529714","DDS demands","Known Flow","230537.703888","644158.077491","","0.000000","","","","","","-2.209999","","","","","","-1.976221","-2.209999","","","","","","","","D1 PROFILE","","","","",""
"62501600003570","Nodes","-1161","21.000000","37.567453","Default Known Flow Node","Known Flow","230543.078889","644146.077488","","0.000000","","","","","","","","","","","","0.000000","0.000000","","","","","","","","","","","","",""
"62501600003853","Nodes","-526","21.000000","29.994464","Default Known Flow Node","Known Flow","228883.953438","643427.577292","","0.000000","","","","","","","","","","","","0.000000","0.000000","","","","","","","","","","","","",""
"62501600003847","Nodes","-511","21.000000","35.723913","DDS demands","Known Flow","229931.328723","643369.202276","","0.000000","-0.519999","","","","","-5.830000","","","","","","-5.678283","-6.350000","","","C1 PROFILE","","","","","D1 PROFILE","","","","",""
"62501600003842","Nodes","-496","21.000000","35.954218","Default Known Flow Node","Known Flow","229981.828737","643352.202272","","0.000000","","","","","","","","","","","","0.000000","0.000000","","","","","","","","","","","","",""
"62501600003656","Nodes","-1462707","21.000000","35.723913","Default Known Flow Node","Known Flow","229865.953705","643365.327275","","0.000000","","","","","","","","","","","","0.000000","0.000000","","","","","","","","","","","","",""
"62501600003828","Nodes","-488","21.000000","36.032897","Default Known Flow Node","Known Flow","229987.703738","643343.202269","","0.000000","","","","","","","","","","","","0.000000","0.000000","","","","","","","","","","","","",""
"62501600000822","Nodes","Ashgrove Road RRI 2","21.000000","49.999978","Default Known Pressure Node","Known Pressure","229495.328604","643636.952349","","0.000000","","","","","","","","","","","","3.693120","4.130000","","","","","","","","","","","","",""
"62501600003773","Nodes","","21.000000","49.841072","DDS demands","Known Flow","229526.828613","643662.827356","","0.000000","","","","","","","","","-4.130000","","","-3.693120","-4.130000","","","","","","","","","","","I2 PROFILE","",""
"62501600003583","Nodes","-1462505","21.000000","37.655776","Default Known Flow Node","Known Flow","229476.328599","644096.952474","","0.000000","","","","","","","","","","","","0.000000","0.000000","","","","","","","","","","","","",""
"62501600000805","Nodes","805","21.000000","35.714321","Default Known Flow Node","Known Flow","229400.703578","644176.077496","","0.000000","","","","","","","","","","","","0.000000","0.000000","","","","","","","","","","","","",""
"62501600001847","Nodes","P9880, Woodside Road, -83.9","32.000000","35.687374","CSEP DDS Matched","Known Flow","229408.703581","644175.202495","","0.000000","","","","","","","-63.870000","","","","","-57.113700","-63.870000","","","","","","","","","DC PROFILE","","","",""
"62501600003869","Nodes","-567","21.000000","35.470757","Default Known Flow Node","Known Flow","230021.728776","643489.168526","","0.000000","","","","","","","","","","","","0.000000","0.000000","","","","","","","","","","","","",""
"62501600003654","Nodes","-1462703","21.000000","39.997050","Default Known Flow Node","Known Flow","230430.203859","643343.202269","","0.000000","","","","","","","","","","","","0.000000","0.000000","","","","","","","","","","","","",""
"62501600000214","Nodes","214","21.000000","39.997050","DDS demands","Known Flow","230430.453859","643345.077270","","0.000000","-0.899999","","","-11.029999","","-18.879998","","","","","","-27.550853","-30.809997","","","C1 PROFILE","","","C4 PROFILE","","D1 PROFILE","","","","",""
"62501600003518","Nodes","-1045","21.000000","40.201231","Default Known Flow Node","Known Flow","230455.453865","643331.702266","","0.000000","","","","","","","","","","","","0.000000","0.000000","","","","","","","","","","","","",""
"62501600000694","Nodes","694","21.000000","50.063368","Default Known Flow Node","Known Flow","230040.953753","643127.952211","","0.000000","","","","","","","","","","","","0.000000","0.000000","","","","","","","","","","","","",""
"62501600000800","Nodes","800","21.000000","50.063368","Default Known Flow Node","Known Flow","230050.199773","643129.201673","","0.000000","","","","","","","","","","","","0.000000","0.000000","","","","","","","","","","","","",""
"62501600003739","Nodes","-1462933","21.000000","36.703217","Default Known Flow Node","Known Flow","230126.078776","643361.452274","","0.000000","","","","","","","","","","","","0.000000","0.000000","","","","","","","","","","","","",""
"62501600003815","Nodes","-457","21.000000","36.831543","Default Known Flow Node","Known Flow","230107.831334","643310.334290","","0.000000","","","","","","","","","","","","0.000000","0.000000","","","","","","","","","","","","",""
"62501600003814","Nodes","-456","21.000000","36.930708","Default Known Flow Node","Known Flow","230138.203779","643307.952259","","0.000000","","","","","","","","","","","","0.000000","0.000000","","","","","","","","","","","","",""
"62501600003816","Nodes","-458","21.000000","37.288173","Default Known Flow Node","Known Flow","230185.453792","643312.577261","","0.000000","","","","","","","","","","","","0.000000","0.000000","","","","","","","","","","","","",""
"62501600003765","Nodes","-1463001","21.000000","38.382213","Default Known Flow Node","Known Flow","230277.953817","643369.327276","","0.000000","","","","","","","","","","","","0.000000","0.000000","","","","","","","","","","","","",""
"62501600003822","Nodes","-477","21.000000","38.382213","Default Known Flow Node","Known Flow","230283.340003","643337.903015","","0.000000","","","","","","","","","","","","0.000000","0.000000","","","","","","","","","","","","",""
"62501600003631","Nodes","-1462647","21.000000","40.201218","Default Known Flow Node","Known Flow","230460.078867","643332.577266","","0.000000","","","","","","","","","","","","0.000000","0.000000","","","","","","","","","","","","",""
"62501600003507","Nodes","-1017","21.000000","36.374141","Default Known Flow Node","Known Flow","230424.703857","643252.327244","","0.000000","","","","","","","","","","","","0.000000","0.000000","","","","","","","","","","","","",""
"62501600003821","Nodes","-472","21.000000","36.280623","Default Known Flow Node","Known Flow","230030.476569","643335.689566","","0.000000","","","","","","","","","","","","0.000000","0.000000","","","","","","","","","","","","",""
"62501600003830","Nodes","-4904554","21.000000","36.367315","Default Known Flow Node","Known Flow","230045.450494","643333.077835","","0.000000","","","","","","","","","","","","0.000000","0.000000","","","","","","","","","","","","",""
"62501600003758","Nodes","-1462992","21.000000","36.416971","Default Known Flow Node","Known Flow","230420.578856","643312.077261","","0.000000","","","","","","","","","","","","0.000000","0.000000","","","","","","","","","","","","",""
"62501600003839","Nodes","-4904603","21.000000","35.470757","Default Known Flow Node","Known Flow","230026.606608","643492.782335","","0.000000","","","","","","","","","","","","0.000000","0.000000","","","","","","","","","","","","",""
"62501600003609","Nodes","-1462588","21.000000","36.367315","Default Known Flow Node","Known Flow","230045.078754","643331.202266","","0.000000","","","","","","","","","","","","0.000000","0.000000","","","","","","","","","","","","",""
"62501600003813","Nodes","-455","21.000000","36.870190","Default Known Flow Node","Known Flow","230129.078996","643307.694497","","0.000000","","","","","","","","","","","","0.000000","0.000000","","","","","","","","","","","","",""
"62501600000206","Nodes","206","21.000000","37.287445","DDS demands","Known Flow","230189.828793","643313.327261","","0.000000","-68.660005","-4.400000","","-0.479999","","-6.949999","","","","","","-71.975607","-80.490002","","","C1 PROFILE","C2 PROFILE","","C4 PROFILE","","D1 PROFILE","","","","",""
"62501600003817","Nodes","-463","21.000000","37.730225","Default Known Flow Node","Known Flow","230228.703804","643323.327264","","0.000000","","","","","","","","","","","","0.000000","0.000000","","","","","","","","","","","","",""
"62501600003829","Nodes","-489","21.000000","38.710015","Default Known Flow Node","Known Flow","230311.078826","643344.202269","","0.000000","","","","","","","","","","","","0.000000","0.000000","","","","","","","","","","","","",""
"62501600003523","Nodes","-1056","21.000000","39.997181","Default Known Flow Node","Known Flow","230428.584986","643345.263702","","0.000000","","","","","","","","","","","","0.000000","0.000000","","","","","","","","","","","","",""
"62501600003515","Nodes","-1040","21.000000","40.226135","Default Known Flow Node","Known Flow","230463.709586","643327.218807","","0.000000","","","","","","","","","","","","0.000000","0.000000","","","","","","","","","","","","",""
"62501600003525","Nodes","-1061","21.000000","39.960260","Default Known Flow Node","Known Flow","230538.953631","643358.203468","","0.000000","","","","","","","","","","","","0.000000","0.000000","","","","","","","","","","","","",""
"62501600000216","Nodes","216","21.000000","37.906996","DDS demands","Known Flow","230603.078906","643375.452278","","0.000000","-6.000000","","","","","-6.540000","","","","","","-11.213492","-12.539999","","","C1 PROFILE","","","","","D1 PROFILE","","","","",""
"62501600003533","Nodes","-1070","21.000000","37.914870","Default Known Flow Node","Known Flow","230607.472970","643378.928180","","0.000000","","","","","","","","","","","","0.000000","0.000000","","","","","","","","","","","","",""
"62501600003688","Nodes","-1462795","21.000000","39.960260","Default Known Flow Node","Known Flow","230537.203888","643357.827273","","0.000000","","","","","","","","","","","","0.000000","0.000000","","","","","","","","","","","","",""
"62501600003526","Nodes","-1062","21.000000","37.969819","Default Known Flow Node","Known Flow","230597.341447","643360.600840","","0.000000","","","","","","","","","","","","0.000000","0.000000","","","","","","","","","","","","",""
"62501600003522","Nodes","-1052","21.000000","23.201422","Default Known Flow Node","Known Flow","231440.954134","643340.077268","","0.000000","","","","","","","","","","","","0.000000","0.000000","","","","","","","","","","","","",""
"62501600001845","Nodes","1845","21.000000","23.245214","Default Known Flow Node","Known Flow","231443.829134","643386.702281","","0.000000","","","","","","","","","","","","0.000000","0.000000","","","","","","","","","","","","",""
"62501600000846","Nodes","846","21.000000","23.245214","Default Known Flow Node","Known Flow","231453.579137","643428.077292","","0.000000","","","","","","","","","","","","0.000000","0.000000","","","","","","","","","","","","",""
"62501600003833","Nodes","-4904577","21.000000","23.201422","Default Known Flow Node","Known Flow","231445.449748","643340.826562","","0.000000","","","","","","","","","","","","0.000000","0.000000","","","","","","","","","","","","",""
"62501600000758","Nodes","758","21.000000","23.201422","Default Known Flow Node","Known Flow","231461.454139","643340.202268","","0.000000","","","","","","","","","","","","0.000000","0.000000","","","","","","","","","","","","",""
"62501600000361","Nodes","361","21.000000","34.650922","DDS demands","Known Flow","230149.953782","643502.827313","","0.000000","","-93.149998","","","","","","","","","","-83.296394","-93.149998","","","","C2 PROFILE","","","","","","","","",""
"62501600003890","Nodes","-622","21.000000","40.182470","Default Known Flow Node","Known Flow","230287.353820","643608.464341","","0.000000","","","","","","","","","","","","0.000000","0.000000","","","","","","","","","","","","",""
"62501600003579","Nodes","-1462491","21.000000","34.650922","Default Known Flow Node","Known Flow","230155.328784","643498.202311","","0.000000","","","","","","","","","","","","0.000000","0.000000","","","","","","","","","","","","",""
"62501600003561","Nodes","-1137","21.000000","30.985179","Default Known Flow Node","Known Flow","230744.203944","643767.327384","","0.000000","","","","","","","","","","","","0.000000","0.000000","","","","","","","","","","","","",""
"62501600003865","Nodes","-562","21.000000","35.266950","Default Known Flow Node","Known Flow","229942.578726","643484.827308","","0.000000","","","","","","","","","","","","0.000000","0.000000","","","","","","","","","","","","",""
"62501600003870","Nodes","-568","21.000000","35.266950","Default Known Flow Node","Known Flow","229942.703726","643489.702309","","0.000000","","","","","","","","","","","","0.000000","0.000000","","","","","","","","","","","","",""
"62501600003871","Nodes","-571","21.000000","34.922965","Default Known Flow Node","Known Flow","229597.953263","643497.453418","","0.000000","","","","","","","","","","","","0.000000","0.000000","","","","","","","","","","","","",""
"62501600003858","Nodes","-545","21.000000","34.965881","Default Known Flow Node","Known Flow","229576.828626","643468.452303","","0.000000","","","","","","","","","","","","0.000000","0.000000","","","","","","","","","","","","",""
"62501600003699","Nodes","-1462832","21.000000","33.978818","Default Known Flow Node","Known Flow","229462.203595","643527.702319","","0.000000","","","","","","","","","","","","0.000000","0.000000","","","","","","","","","","","","",""
"62501600000818","Nodes","818","21.000000","23.667524","DDS demands","Known Flow","229145.703509","644186.327498","","0.000000","","","","","","-7.050000","","","","","","-6.304236","-7.050000","","","","","","","","D1 PROFILE","","","","",""
"62501600003981","Nodes","-840","21.000000","23.702805","Default Known Flow Node","Known Flow","229151.108882","644197.187384","","0.000000","","","","","","","","","","","","0.000000","0.000000","","","","","","","","","","","","",""
"62501600003984","Nodes","-846","21.000000","23.754750","Default Known Flow Node","Known Flow","229150.703510","644214.702506","","0.000000","","","","","","","","","","","","0.000000","0.000000","","","","","","","","","","","","",""
"62501600003985","Nodes","-847","21.000000","23.754750","Default Known Flow Node","Known Flow","229152.828511","644217.702507","","0.000000","","","","","","","","","","","","0.000000","0.000000","","","","","","","","","","","","",""
"62501600003988","Nodes","-850","21.000000","23.798871","Default Known Flow Node","Known Flow","229159.203513","644225.202509","","0.000000","","","","","","","","","","","","0.000000","0.000000","","","","","","","","","","","","",""
"62501600003989","Nodes","-851","21.000000","23.711197","Default Known Flow Node","Known Flow","229164.953514","644228.827510","","0.000000","","","","","","","","","","","","0.000000","0.000000","","","","","","","","","","","","",""
"62501600004006","Nodes","-877","21.000000","27.437468","Default Known Flow Node","Known Flow","229276.203545","644351.327543","","0.000000","","","","","","","","","","","","0.000000","0.000000","","","","","","","","","","","","",""
"62501600004005","Nodes","-876","21.000000","27.437468","Default Known Flow Node","Known Flow","229276.389298","644347.270282","","0.000000","","","","","","","","","","","","0.000000","0.000000","","","","","","","","","","","","",""
"62501600004010","Nodes","-881","21.000000","27.437468","Default Known Flow Node","Known Flow","229279.578545","644382.202552","","0.000000","","","","","","","","","","","","0.000000","0.000000","","","","","","","","","","","","",""
"62501600004009","Nodes","-880","21.000000","27.437468","Default Known Flow Node","Known Flow","229279.328545","644373.827550","","0.000000","","","","","","","","","","","","0.000000","0.000000","","","","","","","","","","","","",""
"62501600004015","Nodes","-887","21.000000","31.511004","Default Known Flow Node","Known Flow","229235.264287","644437.141813","","0.000000","","","","","","","","","","","","0.000000","0.000000","","","","","","","","","","","","",""
"62501600004001","Nodes","-870","21.000000","30.470080","Default Known Flow Node","Known Flow","229318.708322","644316.816919","","0.000000","","","","","","","","","","","","0.000000","0.000000","","","","","","","","","","","","",""
"62501600000811","Nodes","811","21.000000","29.279370","DDS demands","Known Flow","229352.578565","644248.077515","","0.000000","","","","","","-5.550000","","","","","","-4.962909","-5.550000","","","","","","","","D1 PROFILE","","","","",""
"62501600000815","Nodes","815","21.000000","27.437468","DDS demands","Known Flow","229269.084694","644344.703803","","0.000000","","","","","","-16.899999","","","","","","-15.112282","-16.899999","","","","","","","","D1 PROFILE","","","","",""
"62501600000814","Nodes","814","21.000000","26.633598","DDS demands","Known Flow","229228.203532","644284.577525","","0.000000","","","","","","-6.439999","","","","","","-5.758763","-6.439999","","","","","","","","D1 PROFILE","","","","",""
"62501600003994","Nodes","-859","21.000000","27.085664","Default Known Flow Node","Known Flow","229244.642783","644291.266774","","0.000000","","","","","","","","","","","","0.000000","0.000000","","","","","","","","","","","","",""
"62501600001848","Nodes","P00014067, Woodside Area H Phase 2, -34.4","25.200000","25.158498","CSEP DDS Matched","Known Flow","229216.453528","644313.702533","","0.000000","","","","","","","-34.400002","","","","","-30.761098","-34.400002","","","","","","","","","DC PROFILE","","","",""
"62501600000817","Nodes","817","21.000000","23.868196","DDS demands","Known Flow","229186.078520","644257.577518","","0.000000","","","","","","-10.629999","","","","","","-9.505536","-10.629999","","","","","","","","D1 PROFILE","","","","",""
"62501600003991","Nodes","-854","21.000000","25.809078","Default Known Flow Node","Known Flow","229203.517771","644273.391769","","0.000000","","","","","","","","","","","","0.000000","0.000000","","","","","","","","","","","","",""
"62501600001849","Nodes","P00047249, Woodside Area H Phase 1, -30.1","24.500000","22.477994","CSEP DDS Matched","Known Flow","229162.328514","644282.702525","","0.000000","","","","","","","-30.100001","","","","","-26.915959","-30.100001","","","","","","","","","DC PROFILE","","","",""
"62501600000809","Nodes","809","21.000000","31.511004","Default Known Flow Node","Known Flow","229231.078532","644436.077566","","0.000000","","","","","","","","","","","","0.000000","0.000000","","","","","","","","","","","","",""
"62501600001001","Nodes","P00018236, Woodside Road - Phase J, -45","35.000000","31.508515","CSEP DDS Matched","Known Flow","229234.953533","644442.327568","","0.000000","","","","","","","-44.999998","","","","","-40.239802","-44.999998","","","","","","","","","DC PROFILE","","","",""
"62501600003993","Nodes","-857","21.000000","26.650577","Default Known Flow Node","Known Flow","229226.889284","644283.891772","","0.000000","","","","","","","","","","","","0.000000","0.000000","","","","","","","","","","","","",""
"62501600003999","Nodes","-866","21.000000","26.606958","Default Known Flow Node","Known Flow","229212.703527","644304.077531","","0.000000","","","","","","","","","","","","0.000000","0.000000","","","","","","","","","","","","",""
"62501600004013","Nodes","-884","21.000000","27.437468","Default Known Flow Node","Known Flow","229256.828539","644420.202562","","0.000000","","","","","","","","","","","","0.000000","0.000000","","","","","","","","","","","","",""
"62501600004014","Nodes","-885","21.000000","27.437468","Default Known Flow Node","Known Flow","229263.828541","644423.577563","","0.000000","","","","","","","","","","","","0.000000","0.000000","","","","","","","","","","","","",""
"62501600003983","Nodes","-845","21.000000","23.754750","Default Known Flow Node","Known Flow","229159.139266","644213.141752","","0.000000","","","","","","","","","","","","0.000000","0.000000","","","","","","","","","","","","",""
"62501600003712","Nodes","-1462864","21.000000","23.702805","Default Known Flow Node","Known Flow","229130.453505","644200.202502","","0.000000","","","","","","","","","","","","0.000000","0.000000","","","","","","","","","","","","",""
"62501600003986","Nodes","-848","21.000000","23.754750","Default Known Flow Node","Known Flow","229155.078512","644220.202508","","0.000000","","","","","","","","","","","","0.000000","0.000000","","","","","","","","","","","","",""
"62501600003987","Nodes","-849","21.000000","23.798871","Default Known Flow Node","Known Flow","229169.764269","644223.513262","","0.000000","","","","","","","","","","","","0.000000","0.000000","","","","","","","","","","","","",""
"62501600003990","Nodes","-852","21.000000","23.711197","Default Known Flow Node","Known Flow","229170.203516","644235.702512","","0.000000","","","","","","","","","","","","0.000000","0.000000","","","","","","","","","","","","",""
"62501600003992","Nodes","-855","21.000000","25.765395","Default Known Flow Node","Known Flow","229200.953524","644281.077524","","0.000000","","","","","","","","","","","","0.000000","0.000000","","","","","","","","","","","","",""
"62501600003996","Nodes","-861","21.000000","27.085664","Default Known Flow Node","Known Flow","229242.078535","644298.202529","","0.000000","","","","","","","","","","","","0.000000","0.000000","","","","","","","","","","","","",""
"62501600003997","Nodes","-863","21.000000","27.085664","Default Known Flow Node","Known Flow","229252.453538","644299.452529","","0.000000","","","","","","","","","","","","0.000000","0.000000","","","","","","","","","","","","",""
"62501600003998","Nodes","-864","21.000000","27.592950","Default Known Flow Node","Known Flow","229261.453541","644300.952530","","0.000000","","","","","","","","","","","","0.000000","0.000000","","","","","","","","","","","","",""
"62501600004000","Nodes","-867","21.000000","27.592950","Default Known Flow Node","Known Flow","229271.078543","644304.952531","","0.000000","","","","","","","","","","","","0.000000","0.000000","","","","","","","","","","","","",""
"62501600004011","Nodes","-882","21.000000","27.437468","Default Known Flow Node","Known Flow","229262.078541","644406.077558","","0.000000","","","","","","","","","","","","0.000000","0.000000","","","","","","","","","","","","",""
"62501600004012","Nodes","-883","21.000000","27.437468","Default Known Flow Node","Known Flow","229271.703543","644407.827559","","0.000000","","","","","","","","","","","","0.000000","0.000000","","","","","","","","","","","","",""
"62501600004008","Nodes","-879","21.000000","27.437468","Default Known Flow Node","Known Flow","229271.063200","644370.329626","","0.000000","","","","","","","","","","","","0.000000","0.000000","","","","","","","","","","","","",""
"62501600004004","Nodes","-874","21.000000","27.437468","Default Known Flow Node","Known Flow","229279.703546","644336.827539","","0.000000","","","","","","","","","","","","0.000000","0.000000","","","","","","","","","","","","",""
"62501600004007","Nodes","-878","21.000000","27.437468","Default Known Flow Node","Known Flow","229278.453545","644368.452548","","0.000000","","","","","","","","","","","","0.000000","0.000000","","","","","","","","","","","","",""
"62501600004003","Nodes","-872","21.000000","30.470080","Default Known Flow Node","Known Flow","229315.703555","644323.952536","","0.000000","","","","","","","","","","","","0.000000","0.000000","","","","","","","","","","","","",""
"62501600004002","Nodes","-871","21.000000","30.470080","Default Known Flow Node","Known Flow","229303.328552","644318.577534","","0.000000","","","","","","","","","","","","0.000000","0.000000","","","","","","","","","","","","",""
"62501600004016","Nodes","-948","21.000000","28.530676","Default Known Flow Node","Known Flow","231021.452334","642298.201629","","0.000000","","","","","","","","","","","","0.000000","0.000000","","","","","","","","","","","","",""
"62501600003729","Nodes","-1462905","21.000000","28.660492","Default Known Flow Node","Known Flow","231025.079020","642296.576984","","0.000000","","","","","","","","","","","","0.000000","0.000000","","","","","","","","","","","","",""
"62501600003764","Nodes","-1463000","21.000000","28.530676","Default Known Flow Node","Known Flow","231066.079032","642251.701972","","0.000000","","","","","","","","","","","","0.000000","0.000000","","","","","","","","","","","","",""
"62501600003543","Nodes","","21.000000","42.081819","Default Known Flow Node","Known Flow","230455.703865","643440.827296","","0.000000","","","","","","","","","","","","0.000000","0.000000","","","","","","","","","","","","",""
"62501600003542","Nodes","-1087","21.000000","42.178571","Default Known Flow Node","Known Flow","230470.078869","643411.327288","","0.000000","","","","","","","","","","","","0.000000","0.000000","","","","","","","","","","","","",""
"62501600003731","Nodes","-1462908","21.000000","41.670407","Default Known Flow Node","Known Flow","230478.828872","643430.077293","","0.000000","","","","","","","","","","","","0.000000","0.000000","","","","","","","","","","","","",""
"62501600003544","Nodes","-1091","21.000000","42.081819","Default Known Flow Node","Known Flow","230468.328869","643446.202297","","0.000000","","","","","","","","","","","","0.000000","0.000000","","","","","","","","","","","","",""
"62501600003521","Nodes","-1051","21.000000","35.093891","Default Known Flow Node","Known Flow","230707.514687","643340.016515","","0.000000","","","","","","","","","","","","0.000000","0.000000","","","","","","","","","","","","",""
"62501600003524","Nodes","-1057","21.000000","35.047477","Default Known Flow Node","Known Flow","230714.328936","643346.202270","","0.000000","","","","","","","","","","","","0.000000","0.000000","","","","","","","","","","","","",""
"62501600003743","Nodes","-1462948","21.000000","35.047477","Default Known Flow Node","Known Flow","230703.828933","643362.077274","","0.000000","","","","","","","","","","","","0.000000","0.000000","","","","","","","","","","","","",""
"62501600003745","Nodes","-1462953","21.000000","35.179535","Default Known Flow Node","Known Flow","230680.703927","643378.202279","","0.000000","","","","","","","","","","","","0.000000","0.000000","","","","","","","","","","","","",""
"62501600003633","Nodes","-1462649","21.000000","34.756304","Default Known Flow Node","Known Flow","230745.453944","643484.577308","","0.000000","","","","","","","","","","","","0.000000","0.000000","","","","","","","","","","","","",""
"62501600003768","Nodes","-1463010","21.000000","33.328101","Default Known Flow Node","Known Flow","230838.578970","643562.702329","","0.000000","","","","","","","","","","","","0.000000","0.000000","","","","","","","","","","","","",""
"62501600001007","Nodes","1007,","21.000000","25.994262","Default Known Flow Node","Known Flow","229010.887192","643801.575064","","0.000000","","","","","","","","","","","","0.000000","0.000000","","","","","","","","","","","","",""
"62501600003534","Nodes","-1071","21.000000","35.190027","Default Known Flow Node","Known Flow","230733.578941","643382.077280","","0.000000","","","","","","","","","","","","0.000000","0.000000","","","","","","","","","","","","",""
"62501600003531","Nodes","-1067","21.000000","35.018628","Default Known Flow Node","Known Flow","230718.703937","643376.327278","","0.000000","","","","","","","","","","","","0.000000","0.000000","","","","","","","","","","","","",""
"62501600003610","Nodes","-1462594","21.000000","35.040187","Default Known Flow Node","Known Flow","229866.453705","643442.077296","","0.000000","","","","","","","","","","","","0.000000","0.000000","","","","","","","","","","","","",""
"62501600004033","Nodes","P00083292, Irvine Road, -41.82","21.000000","32.775870","CSEP DDS Matched","Known Flow","230913.847896","642898.884847","","0.000000","","","","","","","-41.819997","","","","","-37.396189","-41.819997","","","","","","","","","DC PROFILE","","","",""
"62501600003520","Nodes","-1050","21.000000","23.245214","Default Known Flow Node","Known Flow","231486.329146","643338.827268","","0.000000","","","","","","","","","","","","0.000000","0.000000","","","","","","","","","","","","",""
"62501600003810","Nodes","-450","21.000000","31.438580","Default Known Flow Node","Known Flow","229375.453572","643254.327245","","0.000000","","","","","","","","","","","","0.000000","0.000000","","","","","","","","","","","","",""
"62501600000104","Nodes","104","21.000000","27.854144","DDS demands","Known Flow","229457.833594","643325.187264","","0.000000","","","","","","-25.209999","","","","","","-22.543233","-25.209999","","","","","","","","D1 PROFILE","","","","",""
"62501600003560","Nodes","-1136","21.000000","30.985179","Default Known Flow Node","Known Flow","230746.453945","643766.577384","","0.000000","","","","","","","","","","","","0.000000","0.000000","","","","","","","","","","","","",""
"62501600003562","Nodes","-1142","21.000000","31.028387","Default Known Flow Node","Known Flow","230777.078953","643798.202393","","0.000000","","","","","","","","","","","","0.000000","0.000000","","","","","","","","","","","","",""
"62501600000330","Nodes","330","21.000000","25.525573","DDS demands","Known Flow","231129.542049","643338.570268","","0.000000","","","","","","-2.230000","","","","","","-1.994105","-2.230000","","","","","","","","D1 PROFILE","","","","",""
"62501600003528","Nodes","-1064","21.000000","35.147168","Default Known Flow Node","Known Flow","230743.389697","643366.763029","","0.000000","","","","","","","","","","","","0.000000","0.000000","","","","","","","","","","","","",""
"62501600003798","Nodes","","21.000000","50.063368","Default Known Flow Node","Known Flow","230055.078756","643130.077211","","0.000000","","","","","","","","","","","","0.000000","0.000000","","","","","","","","","","","","",""
"62501600000695","Nodes","695","21.000000","49.864332","DDS demands","Known Flow","230127.203776","643142.202214","","0.000000","","","","","","-5.929999","","","","","","-5.302711","-5.929999","","","","","","","","D1 PROFILE","","","","",""
"62501600003785","Nodes","-238","21.000000","33.624622","Default Known Flow Node","Known Flow","230250.139563","642918.016400","","0.000000","","","","","","","","","","","","0.000000","0.000000","","","","","","","","","","","","",""
"62501600003692","Nodes","-1462804","21.000000","33.624622","Default Known Flow Node","Known Flow","230219.078801","642920.327154","","0.000000","","","","","","","","","","","","0.000000","0.000000","","","","","","","","","","","","",""
"62501600001006","Nodes","","21.000000","37.150259","Default Known Flow Node","Known Flow","230578.578302","643087.888475","","0.000000","","","","","","","","","","","","0.000000","0.000000","","","","","","","","","","","","",""
"62501600001009","Nodes","1009","21.000000","25.164753","Default Known Flow Node","Known Flow","231199.925068","643252.884244","","0.000000","","","","","","","","","","","","0.000000","0.000000","","","","","","","","","","","","",""
"62501600000799","Nodes","St Winning Road RRI","21.000000","50.000031","Default Known Pressure Node","Known Pressure","230058.453757","643122.952209","","0.000000","","","","","","","","","","","","5.302711","5.929999","","","","","","","","","","","","",""
"62501600003776","Nodes","-207","21.000000","21.947521","Default Known Flow Node","Known Flow","229530.953614","642856.202137","","0.000000","","","","","","","","","","","","0.000000","0.000000","","","","","","","","","","","","",""
"62501600003777","Nodes","P14134808, GLENAPP PLACE CSEP, 26.03 SCMH","24.000000","23.132940","CSEP Unmatched","Known Flow","229384.049950","642899.961740","","0.000000","","","","","","","","","","","-26.030000","-23.276492","-26.030000","","","","","","","","","","","","","PL-DC PROFILE"
"62501600003563","Nodes","-1144","21.000000","31.028387","Default Known Flow Node","Known Flow","230814.078963","643812.077397","","0.000000","","","","","","","","","","","","0.000000","0.000000","","","","","","","","","","","","",""
"62501600003856","Nodes","-542","21.000000","34.192585","Default Known Flow Node","Known Flow","229849.315700","643466.177303","","0.000000","","","","","","","","","","","","0.000000","0.000000","","","","","","","","","","","","",""
"62501600000115","Nodes","P00106256, Alexandra Terrace, -28.8","22.999998","33.015101","CSEP DDS Matched","Known Flow","229848.703700","643430.327293","","0.000000","","","","","","-0.349999","-28.799999","","","","","-26.066450","-29.150000","","","","","","","","D1 PROFILE","DC PROFILE","","","",""
"62501600000273","Nodes","273","21.000000","21.871473","DDS demands","Known Flow","229516.453610","642853.202136","","0.000000","","-48.099996","","","","","","","","","","-43.011876","-48.099996","","","","C2 PROFILE","","","","","","","","",""
"62501600003783","Nodes","-220","21.000000","21.947521","Default Known Flow Node","Known Flow","229529.828614","642880.827143","","0.000000","","","","","","","","","","","","0.000000","0.000000","","","","","","","","","","","","",""
"62501600003794","Nodes","-331","21.000000","34.577730","Default Known Flow Node","Known Flow","230209.323217","643081.454305","","0.000000","","","","","","","","","","","","0.000000","0.000000","","","","","","","","","","","","",""
"62501600000208","Nodes","P00035461, Almswall Road - ISEP 1, -17.81","34.000000","34.367754","CSEP DDS Matched","Known Flow","230223.203802","643087.202199","","0.000000","","","","","","","-17.809999","","","","","-15.926020","-17.809999","","","","","","","","","DC PROFILE","","","",""
"62501600004037","Nodes","-992","21.000000","37.150259","Default Known Flow Node","Known Flow","230578.453899","643104.577204","","0.000000","","","","","","","","","","","","0.000000","0.000000","","","","","","","","","","","","",""
"62501600003559","Nodes","-1135","21.000000","30.985179","Default Known Flow Node","Known Flow","230744.455125","643766.073324","","0.000000","","","","","","","","","","","","0.000000","0.000000","","","","","","","","","","","","",""
"62501600000218","Nodes","218","21.000000","30.985179","DDS demands","Known Flow","230759.078948","643732.952375","","0.000000","-25.140000","","","","","-10.970000","","","","","","-32.290209","-36.110001","","","C1 PROFILE","","","","","D1 PROFILE","","","","",""
"62501600003801","Nodes","-401","21.000000","34.029857","Default Known Flow Node","Known Flow","228654.679375","643175.418223","","0.000000","","","","","","","","","","","","0.000000","0.000000","","","","","","","","","","","","",""
"62501600000320","Nodes","320","21.000000","33.782416","DDS demands","Known Flow","228700.578388","643166.202221","","0.000000","","","","","","-9.949999","","","","","","-8.897467","-9.949999","","","","","","","","D1 PROFILE","","","","",""
"62501600003827","Nodes","","21.000000","25.852643","Default Known Flow Node","Known Flow","229061.578486","643343.077269","","0.000000","","","","","","","","","","","","0.000000","0.000000","","","","","","","","","","","","",""
"62501600003824","Nodes","-482","21.000000","25.774191","DDS demands","Known Flow","229062.578486","643340.577268","","0.000000","","-34.259998","","","","","","","","","","-30.635905","-34.259998","","","","C2 PROFILE","","","","","","","","",""
"62501600003628","Nodes","-1462639","21.000000","29.559458","Default Known Flow Node","Known Flow","229407.828580","643307.952259","","0.000000","","","","","","","","","","","","0.000000","0.000000","","","","","","","","","","","","",""
"62501600000368","Nodes","368","21.000000","40.415949","DDS demands","Known Flow","230417.997855","643656.990354","","0.000000","","","","","","-6.239999","","","","","","-5.579919","-6.239999","","","","","","","","D1 PROFILE","","","","",""
"62501600003504","Nodes","-1004","21.000000","25.336745","Default Known Flow Node","Known Flow","231229.144323","643191.566981","","0.000000","","","","","","","","","","","","0.000000","0.000000","","","","","","","","","","","","",""
"62501600003503","Nodes","-1000","21.000000","25.319243","Default Known Flow Node","Known Flow","231240.157832","643173.167976","","0.000000","","","","","","","","","","","","0.000000","0.000000","","","","","","","","","","","","",""
"62501600003767","Nodes","-1463009","21.000000","25.300793","Default Known Flow Node","Known Flow","231251.849082","643153.829218","","0.000000","","","","","","","","","","","","0.000000","0.000000","","","","","","","","","","","","",""
"62501600003548","Nodes","-1110","21.000000","31.982422","Default Known Flow Node","Known Flow","230858.986975","643611.341342","","0.000000","","","","","","","","","","","","0.000000","0.000000","","","","","","","","","","","","",""
"62501600003549","Nodes","-1113","21.000000","31.968601","Default Known Flow Node","Known Flow","230859.837975","643613.531343","","0.000000","","","","","","","","","","","","0.000000","0.000000","","","","","","","","","","","","",""
"62501600003554","Nodes","-1127","21.000000","31.033602","Default Known Flow Node","Known Flow","230763.553875","643725.304904","","0.000000","","","","","","","","","","","","0.000000","0.000000","","","","","","","","","","","","",""
"62501600003555","Nodes","-1128","21.000000","31.029493","Default Known Flow Node","Known Flow","230761.868378","643725.960933","","0.000000","","","","","","","","","","","","0.000000","0.000000","","","","","","","","","","","","",""
"62501600003539","Nodes","-1080","21.000000","35.190027","Default Known Flow Node","Known Flow","230741.703943","643397.202284","","0.000000","","","","","","","","","","","","0.000000","0.000000","","","","","","","","","","","","",""
"62501600003547","Nodes","-1106","21.000000","32.250881","Default Known Flow Node","Known Flow","230853.356974","643580.311334","","0.000000","","","","","","","","","","","","0.000000","0.000000","","","","","","","","","","","","",""
"62501600003788","Nodes","-284","21.000000","34.560141","Default Known Flow Node","Known Flow","230263.521337","643013.489958","","0.000000","","","","","","","","","","","","0.000000","0.000000","","","","","","","","","","","","",""
"62501600003905","Nodes","-687","21.000000","25.466744","Default Known Flow Node","Known Flow","229147.098509","643731.736375","","0.000000","","","","","","","","","","","","0.000000","0.000000","","","","","","","","","","","","",""
"62501600000082","Nodes","82","21.000000","25.264032","DDS demands","Known Flow","229155.416512","643743.131378","","0.000000","","","","","","-2.700000","","","","","","-2.414388","-2.700000","","","","","","","","D1 PROFILE","","","","",""
"62501600000750","Nodes","750","21.000000","31.968601","Default Known Flow Node","Known Flow","230861.952313","643612.186125","","0.000000","","","","","","","","","","","","0.000000","0.000000","","","","","","","","","","","","",""
"62501600000085","Nodes","85","21.000000","25.494683","DDS demands","Known Flow","229197.415523","643698.864366","","0.000000","","","","","","-4.999999","","","","","","-4.471089","-4.999999","","","","","","","","D1 PROFILE","","","","",""
"62501600000084","Nodes","84","21.000000","25.462166","DDS demands","Known Flow","229224.173530","643734.815376","","0.000000","","","","","","-5.119999","","","","","","-4.578395","-5.119999","","","","","","","","D1 PROFILE","","","","",""
"62501600003770","Nodes","-1463015","21.000000","25.494683","Default Known Flow Node","Known Flow","229179.890518","643711.724369","","0.000000","","","","","","","","","","","","0.000000","0.000000","","","","","","","","","","","","",""
"62501600003766","Nodes","-1463007","21.000000","31.968601","Default Known Flow Node","Known Flow","230857.545975","643605.336340","","0.000000","","","","","","","","","","","","0.000000","0.000000","","","","","","","","","","","","",""
"62501600003769","Nodes","-1463013","21.000000","34.517290","Default Known Flow Node","Known Flow","230297.953823","642860.577138","","0.000000","","","","","","","","","","","","0.000000","0.000000","","","","","","","","","","","","",""
"62501600003621","Nodes","-1462620","21.000000","25.319243","Default Known Flow Node","Known Flow","231224.704075","643165.077221","","0.000000","","","","","","","","","","","","0.000000","0.000000","","","","","","","","","","","","",""
"62501600000092","Nodes","92","21.000000","32.106431","Default Known Flow Node","Known Flow","229116.273189","643193.524231","","0.000000","","","","","","","","","","","","0.000000","0.000000","","","","","","","","","","","","",""
"62501600000774","Nodes","774","21.000000","32.002774","DDS demands","Known Flow","229004.453471","643119.827208","","0.000000","","","","","","-8.720000","","","","","","-7.797580","-8.720000","","","","","","","","D1 PROFILE","","","","",""
"62501600000007","Nodes","Logger id = 10163, Smith Crescent","21.000000","32.239440","Val Log Cath","Known Flow","230921.191574","642790.361023","","0.000000","","","","","","","","","","","","0.000000","0.000000","","","","","","","","","","","","",""
"62501600000003","Nodes","3,","21.000000","32.858068","Default Known Flow Node","Known Flow","230360.922265","642935.268367","","0.000000","","","","","","","","","","","","0.000000","0.000000","","","","","","","","","","","","",""
"62501600000038","Nodes","Low Point, Hazel Grove, ID: 3500","21.000000","22.916339","Low Point","Known Flow","230967.261502","643774.259998","","0.000000","","","","","","","","","","","","0.000000","0.000000","","","","","","","","","","","","",""
"62501600003501","Nodes","","21.000000","33.563529","Default Known Flow Node","Known Flow","228904.934426","643264.955388","","0.000000","","","","","","","","","","","","0.000000","0.000000","","","","","","","","","","","","",""
"62501600000277","Nodes","","21.000000","41.562144","Default Known Flow Node","Known Flow","230474.896871","643395.658283","","0.000000","","","","","","","","","","","","0.000000","0.000000","","","","","","","","","","","","",""
"62501600000248","Nodes","-248","21.000000","26.138117","DDS demands","Known Flow","228939.197104","642941.828120","","0.000000","","","","","","-9.980000","","","","","","-8.924294","-9.980000","","","","","","","","D1 PROFILE","","","","",""
"62501600000240","Nodes","-240","21.000000","25.945631","DDS demands","Known Flow","228973.517709","642923.273388","","0.000000","","","","","","-9.649999","","","","","","-8.629202","-9.649999","","","","","","","","D1 PROFILE","","","","",""
"62501600001900","Nodes","","21.000000","26.780494","Default Known Flow Node","Known Flow","228998.868469","642837.679132","","0.000000","","","","","","","","","","","","0.000000","0.000000","","","","","","","","","","","","",""
"62501600001901","Nodes","","21.000000","26.772474","Default Known Flow Node","Known Flow","229000.524470","642840.225132","","0.000000","","","","","","","","","","","","0.000000","0.000000","","","","","","","","","","","","",""
"62501600001944","Nodes","","21.000000","26.825393","Default Known Flow Node","Known Flow","228913.420208","642810.090777","","0.000000","","","","","","","","","","","","0.000000","0.000000","","","","","","","","","","","","",""
"62501600001904","Nodes","","21.000000","26.718911","Default Known Flow Node","Known Flow","229010.563472","642857.933137","","0.000000","","","","","","","","","","","","0.000000","0.000000","","","","","","","","","","","","",""
"62501600001905","Nodes","","21.000000","26.816050","Default Known Flow Node","Known Flow","228994.687468","642744.409106","","0.000000","","","","","","","","","","","","0.000000","0.000000","","","","","","","","","","","","",""
"62501600001906","Nodes","","21.000000","26.816050","Default Known Flow Node","Known Flow","228988.365466","642732.642103","","0.000000","","","","","","","","","","","","0.000000","0.000000","","","","","","","","","","","","",""
"62501600001907","Nodes","","21.000000","26.791133","Default Known Flow Node","Known Flow","228883.948438","642836.810131","","0.000000","","","","","","","","","","","","0.000000","0.000000","","","","","","","","","","","","",""
"62501600001909","Nodes","","21.000000","26.718365","Default Known Flow Node","Known Flow","229013.129473","642858.456137","","0.000000","","","","","","","","","","","","0.000000","0.000000","","","","","","","","","","","","",""
"62501600001912","Nodes","","21.000000","26.976721","Default Known Flow Node","Known Flow","228930.542451","642785.544117","","0.000000","","","","","","","","","","","","0.000000","0.000000","","","","","","","","","","","","",""
"62501600001916","Nodes","","21.000000","26.539308","Default Known Flow Node","Known Flow","229024.182476","642799.600121","","0.000000","","","","","","","","","","","","0.000000","0.000000","","","","","","","","","","","","",""
"62501600001918","Nodes","","21.000000","26.762711","Default Known Flow Node","Known Flow","228995.112468","642829.265129","","0.000000","","","","","","","","","","","","0.000000","0.000000","","","","","","","","","","","","",""
"62501600001920","Nodes","","21.000000","26.819603","Default Known Flow Node","Known Flow","229008.520472","642771.682114","","0.000000","","","","","","","","","","","","0.000000","0.000000","","","","","","","","","","","","",""
"62501600001922","Nodes","","21.000000","26.717719","Default Known Flow Node","Known Flow","228946.679455","642873.243141","","0.000000","","","","","","","","","","","","0.000000","0.000000","","","","","","","","","","","","",""
"62501600001924","Nodes","","21.000000","26.838761","Default Known Flow Node","Known Flow","228963.877720","642851.366889","","0.000000","","","","","","","","","","","","0.000000","0.000000","","","","","","","","","","","","",""
"62501600001925","Nodes","","21.000000","26.886490","Default Known Flow Node","Known Flow","228962.962139","642770.745437","","0.000000","","","","","","","","","","","","0.000000","0.000000","","","","","","","","","","","","",""
"62501600001917","Nodes","","21.000000","26.664367","Default Known Flow Node","Known Flow","229030.148478","642811.637124","","0.000000","","","","","","","","","","","","0.000000","0.000000","","","","","","","","","","","","",""
"62501600001927","Nodes","","21.000000","26.668561","Default Known Flow Node","Known Flow","229028.062477","642810.703124","","0.000000","","","","","","","","","","","","0.000000","0.000000","","","","","","","","","","","","",""
"62501600001931","Nodes","","21.000000","26.820098","Default Known Flow Node","Known Flow","229008.727472","642774.941114","","0.000000","","","","","","","","","","","","0.000000","0.000000","","","","","","","","","","","","",""
"62501600001933","Nodes","","21.000000","26.824474","Default Known Flow Node","Known Flow","228979.396464","642801.469122","","0.000000","","","","","","","","","","","","0.000000","0.000000","","","","","","","","","","","","",""
"62501600001934","Nodes","","21.000000","26.807857","Default Known Flow Node","Known Flow","228917.008447","642820.976127","","0.000000","","","","","","","","","","","","0.000000","0.000000","","","","","","","","","","","","",""
"62501600001935","Nodes","","21.000000","26.812047","Default Known Flow Node","Known Flow","228918.056447","642819.391127","","0.000000","","","","","","","","","","","","0.000000","0.000000","","","","","","","","","","","","",""
"62501600001903","Nodes","","21.000000","26.821100","Default Known Flow Node","Known Flow","228913.083446","642808.871124","","0.000000","","","","","","","","","","","","0.000000","0.000000","","","","","","","","","","","","",""
"62501600001939","Nodes","","21.000000","26.523469","Default Known Flow Node","Known Flow","228936.344452","642857.235137","","0.000000","","","","","","","","","","","","0.000000","0.000000","","","","","","","","","","","","",""
"62501600001940","Nodes","","21.000000","26.824183","Default Known Flow Node","Known Flow","228977.607463","642791.354119","","0.000000","","","","","","","","","","","","0.000000","0.000000","","","","","","","","","","","","",""
"62501600001926","Nodes","","21.000000","26.872181","Default Known Flow Node","Known Flow","228965.215460","642773.846114","","0.000000","","","","","","","","","","","","0.000000","0.000000","","","","","","","","","","","","",""
"62501600001943","Nodes","","21.000000","26.606158","Default Known Flow Node","Known Flow","229015.749474","642868.567140","","0.000000","","","","","","","","","","","","0.000000","0.000000","","","","","","","","","","","","",""
"62501600001945","Nodes","","21.000000","26.745971","Default Known Flow Node","Known Flow","228900.443442","642790.043119","","0.000000","","","","","","","","","","","","0.000000","0.000000","","","","","","","","","","","","",""
"62501600001946","Nodes","","21.000000","26.531838","Default Known Flow Node","Known Flow","228933.165451","642847.513134","","0.000000","","","","","","","","","","","","0.000000","0.000000","","","","","","","","","","","","",""
"62501600001948","Nodes","","21.000000","26.791133","Default Known Flow Node","Known Flow","228889.687439","642848.673135","","0.000000","","","","","","","","","","","","0.000000","0.000000","","","","","","","","","","","","",""
"62501600001949","Nodes","","21.000000","26.860290","Default Known Flow Node","Known Flow","228959.538458","642763.057111","","0.000000","","","","","","","","","","","","0.000000","0.000000","","","","","","","","","","","","",""
"62501600001951","Nodes","","21.000000","26.936853","Default Known Flow Node","Known Flow","228938.272206","642800.903368","","0.000000","","","","","","","","","","","","0.000000","0.000000","","","","","","","","","","","","",""
"62501600001952","Nodes","","21.000000","26.759705","Default Known Flow Node","Known Flow","228995.769468","642827.754129","","0.000000","","","","","","","","","","","","0.000000","0.000000","","","","","","","","","","","","",""
"62501600001953","Nodes","","21.000000","26.376802","Default Known Flow Node","Known Flow","228904.084443","642873.895141","","0.000000","","","","","","","","","","","","0.000000","0.000000","","","","","","","","","","","","",""
"62501600001955","Nodes","","21.000000","26.978806","Default Known Flow Node","Known Flow","228922.207947","642771.386399","","0.000000","","","","","","","","","","","","0.000000","0.000000","","","","","","","","","","","","",""
"62501600001908","Nodes","","21.000000","26.794257","Default Known Flow Node","Known Flow","228885.951438","642837.478131","","0.000000","","","","","","","","","","","","0.000000","0.000000","","","","","","","","","","","","",""
"62501600001921","Nodes","","21.000000","26.816701","Default Known Flow Node","Known Flow","228992.483467","642743.680106","","0.000000","","","","","","","","","","","","0.000000","0.000000","","","","","","","","","","","","",""
"62501600001958","Nodes","","21.000000","26.856646","Default Known Flow Node","Known Flow","228960.803459","642760.999111","","0.000000","","","","","","","","","","","","0.000000","0.000000","","","","","","","","","","","","",""
"62501600001960","Nodes","","21.000000","26.746830","Default Known Flow Node","Known Flow","228868.078434","642807.141123","","0.000000","","","","","","","","","","","","0.000000","0.000000","","","","","","","","","","","","",""
"62501600001961","Nodes","","21.000000","26.746830","Default Known Flow Node","Known Flow","228859.494431","642811.556124","","0.000000","","","","","","","","","","","","0.000000","0.000000","","","","","","","","","","","","",""
"62501600001964","Nodes","","21.000000","26.712276","Default Known Flow Node","Known Flow","229043.762481","642837.627132","","0.000000","","","","","","","","","","","","0.000000","0.000000","","","","","","","","","","","","",""
"62501600001965","Nodes","","21.000000","26.746926","Default Known Flow Node","Known Flow","228869.977434","642810.691124","","0.000000","","","","","","","","","","","","0.000000","0.000000","","","","","","","","","","","","",""
"62501600001966","Nodes","","21.000000","26.712856","Default Known Flow Node","Known Flow","229045.554482","642841.048132","","0.000000","","","","","","","","","","","","0.000000","0.000000","","","","","","","","","","","","",""
"62501600001968","Nodes","","21.000000","26.712856","Default Known Flow Node","Known Flow","229060.546486","642833.224130","","0.000000","","","","","","","","","","","","0.000000","0.000000","","","","","","","","","","","","",""
"62501600001972","Nodes","","21.000000","32.517160","Default Known Flow Node","Known Flow","228855.420430","643322.635263","","0.000000","","","","","","","","","","","","0.000000","0.000000","","","","","","","","","","","","",""
"62501600001973","Nodes","Cranberry Court RRI 2","21.000000","49.999998","Default Known Pressure Node","Known Pressure","229038.703480","643065.952194","","99.999997","","","","","","","","","","","","1.126714","1.259999","","","","","","","","","","","","",""
"62501600001974","Nodes","","21.000000","49.998486","DDS demands","Known Flow","229042.328481","643074.452196","","0.000000","","","","","","-1.259999","","","","","","-1.126714","-1.259999","","","","","","","","D1 PROFILE","","","","",""
"62501600001977","Nodes","","21.000000","26.802209","Default Known Flow Node","Known Flow","228949.159456","642876.501142","","0.000000","","","","","","","","","","","","0.000000","0.000000","","","","","","","","","","","","",""
"62501600001982","Nodes","","21.000000","33.198085","Default Known Flow Node","Known Flow","228903.776443","643302.965258","","0.000000","","","","","","","","","","","","0.000000","0.000000","","","","","","","","","","","","",""
"62501600001983","Nodes","","21.000000","33.184959","Default Known Flow Node","Known Flow","228905.973444","643304.048258","","0.000000","","","","","","","","","","","","0.000000","0.000000","","","","","","","","","","","","",""
"62501600001987","Nodes","","21.000000","33.262824","Default Known Flow Node","Known Flow","228890.037439","643275.273251","","0.000000","","","","","","","","","","","","0.000000","0.000000","","","","","","","","","","","","",""
"62501600003500","Nodes","","21.000000","32.829894","Default Known Flow Node","Known Flow","228501.751650","643032.161412","","0.000000","","","","","","","","","","","","0.000000","0.000000","","","","","","","","","","","","",""
"62501600001997","Nodes","","21.000000","33.129675","Default Known Flow Node","Known Flow","228572.961353","643165.405221","","0.000000","","","","","","","","","","","","0.000000","0.000000","","","","","","","","","","","","",""
"62501600001998","Nodes","","21.000000","33.129675","Default Known Flow Node","Known Flow","228556.088349","643187.053227","","0.000000","","","","","","","","","","","","0.000000","0.000000","","","","","","","","","","","","",""
"62501600002001","Nodes","","21.000000","33.209083","Default Known Flow Node","Known Flow","228896.033441","643301.579258","","0.000000","","","","","","","","","","","","0.000000","0.000000","","","","","","","","","","","","",""
"62501600002002","Nodes","","21.000000","33.252198","Default Known Flow Node","Known Flow","228866.997433","643300.022257","","0.000000","","","","","","","","","","","","0.000000","0.000000","","","","","","","","","","","","",""
"62501600002008","Nodes","","21.000000","33.209083","Default Known Flow Node","Known Flow","228903.833443","643301.840258","","0.000000","","","","","","","","","","","","0.000000","0.000000","","","","","","","","","","","","",""
"62501600002009","Nodes","","21.000000","32.616372","Default Known Flow Node","Known Flow","228824.530422","643369.893276","","0.000000","","","","","","","","","","","","0.000000","0.000000","","","","","","","","","","","","",""
"62501600002023","Nodes","","21.000000","32.923760","Default Known Flow Node","Known Flow","228904.844444","643340.516268","","0.000000","","","","","","","","","","","","0.000000","0.000000","","","","","","","","","","","","",""
"62501600002025","Nodes","","21.000000","26.277267","Default Known Flow Node","Known Flow","228922.096448","642903.789150","","0.000000","","","","","","","","","","","","0.000000","0.000000","","","","","","","","","","","","",""
"62501600002026","Nodes","","21.000000","26.253598","Default Known Flow Node","Known Flow","228952.210456","642887.536145","","0.000000","","","","","","","","","","","","0.000000","0.000000","","","","","","","","","","","","",""
"62501600002038","Nodes","","21.000000","32.944170","Default Known Flow Node","Known Flow","228552.232548","643086.722147","","0.000000","","","","","","","","","","","","0.000000","0.000000","","","","","","","","","","","","",""
"62501600002032","Nodes","","21.000000","32.517025","Default Known Flow Node","Known Flow","229002.435470","643241.533241","","0.000000","","","","","","","","","","","","0.000000","0.000000","","","","","","","","","","","","",""
"62501600002034","Nodes","","21.000000","32.312330","Default Known Flow Node","Known Flow","228970.840461","643235.420240","","0.000000","","","","","","","","","","","","0.000000","0.000000","","","","","","","","","","","","",""
"62501600002035","Nodes","","21.000000","32.312330","Default Known Flow Node","Known Flow","228958.668458","643247.868243","","0.000000","","","","","","","","","","","","0.000000","0.000000","","","","","","","","","","","","",""
"62501600001956","Nodes","","21.000000","26.815366","Default Known Flow Node","Known Flow","228972.045462","642866.871139","","0.000000","","","","","","","","","","","","0.000000","0.000000","","","","","","","","","","","","",""
"62501600002037","Nodes","","21.000000","26.807461","Default Known Flow Node","Known Flow","228972.542462","642867.796140","","0.000000","","","","","","","","","","","","0.000000","0.000000","","","","","","","","","","","","",""
"62501600002039","Nodes","","21.000000","32.944170","Default Known Flow Node","Known Flow","228536.691343","643107.649205","","0.000000","","","","","","","","","","","","0.000000","0.000000","","","","","","","","","","","","",""
"62501600002041","Nodes","","21.000000","26.247111","Default Known Flow Node","Known Flow","228949.664456","642877.885142","","0.000000","","","","","","","","","","","","0.000000","0.000000","","","","","","","","","","","","",""
"62501600002033","Nodes","","21.000000","32.259873","Default Known Flow Node","Known Flow","228984.997465","643219.569235","","0.000000","","","","","","","","","","","","0.000000","0.000000","","","","","","","","","","","","",""
"62501600002063","Nodes","","21.000000","26.251934","Default Known Flow Node","Known Flow","228953.694457","642886.179145","","0.000000","","","","","","","","","","","","0.000000","0.000000","","","","","","","","","","","","",""
"62501600002064","Nodes","","21.000000","26.279741","Default Known Flow Node","Known Flow","228925.318449","642915.862153","","0.000000","","","","","","","","","","","","0.000000","0.000000","","","","","","","","","","","","",""
"62501600002067","Nodes","Cranberry Head RRI 1","21.000000","49.999998","Default Known Pressure Node","Known Pressure","229057.828485","643056.577191","","99.999997","","","","","","","","","","","","3.907732","4.369999","","","","","","","","","","","","",""
"62501600002068","Nodes","","21.000000","49.916039","DDS demands","Known Flow","229096.453496","643081.452198","","0.000000","","","","","","-4.369999","","","","","","-3.907732","-4.369999","","","","","","","","D1 PROFILE","","","","",""
"62501600002070","Nodes","","21.000000","26.406504","Default Known Flow Node","Known Flow","228904.372443","642876.511142","","0.000000","","","","","","","","","","","","0.000000","0.000000","","","","","","","","","","","","",""
"62501600002071","Nodes","","21.000000","32.479646","Default Known Flow Node","Known Flow","228791.718413","643344.257269","","0.000000","","","","","","","","","","","","0.000000","0.000000","","","","","","","","","","","","",""
"62501600002072","Nodes","","21.000000","32.479646","Default Known Flow Node","Known Flow","228798.588415","643339.988268","","0.000000","","","","","","","","","","","","0.000000","0.000000","","","","","","","","","","","","",""
"62501600002079","Nodes","","21.000000","33.219718","Default Known Flow Node","Known Flow","228881.474437","643255.135245","","0.000000","","","","","","","","","","","","0.000000","0.000000","","","","","","","","","","","","",""
"62501600002080","Nodes","","21.000000","49.989359","Default Known Flow Node","Known Flow","229097.328496","643046.452188","","0.000000","","","","","","","","","","","","0.000000","0.000000","","","","","","","","","","","","",""
"62501600002081","Nodes","","21.000000","49.615739","DDS demands","Known Flow","229108.453499","643066.702194","","0.000000","","","","","","-2.980000","","","","","","-2.664769","-2.980000","","","","","","","","D1 PROFILE","","","","",""
"62501600002087","Nodes","","21.000000","32.522834","Default Known Flow Node","Known Flow","228790.140412","643386.938281","","0.000000","","","","","","","","","","","","0.000000","0.000000","","","","","","","","","","","","",""
"62501600002088","Nodes","","21.000000","32.844169","Default Known Flow Node","Known Flow","228971.740462","643268.263249","","0.000000","","","","","","","","","","","","0.000000","0.000000","","","","","","","","","","","","",""
"62501600002091","Nodes","","21.000000","33.452695","Default Known Flow Node","Known Flow","228908.248444","643277.422251","","0.000000","","","","","","","","","","","","0.000000","0.000000","","","","","","","","","","","","",""
"62501600002092","Nodes","Cranberry Head RRI 2","21.000000","49.999998","Default Known Pressure Node","Known Pressure","229095.328495","643036.327186","","99.999997","","","","","","","","","","","","2.664769","2.980000","","","","","","","","","","","","",""
"62501600002098","Nodes","","21.000000","33.430783","Default Known Flow Node","Known Flow","228905.188913","643275.010279","","0.000000","","","","","","","","","","","","0.000000","0.000000","","","","","","","","","","","","",""
"62501600002102","Nodes","","21.000000","34.176483","Default Known Flow Node","Known Flow","228708.673390","643194.120229","","0.000000","","","","","","","","","","","","0.000000","0.000000","","","","","","","","","","","","",""
"62501600002108","Nodes","","21.000000","31.646290","Default Known Flow Node","Known Flow","228941.758454","643177.378224","","0.000000","","","","","","","","","","","","0.000000","0.000000","","","","","","","","","","","","",""
"62501600002109","Nodes","","21.000000","31.559881","Default Known Flow Node","Known Flow","228959.368458","643166.569221","","0.000000","","","","","","","","","","","","0.000000","0.000000","","","","","","","","","","","","",""
"62501600002110","Nodes","","21.000000","32.109564","Default Known Flow Node","Known Flow","228961.505459","643189.043227","","0.000000","","","","","","","","","","","","0.000000","0.000000","","","","","","","","","","","","",""
"62501600002113","Nodes","","21.000000","26.138117","Default Known Flow Node","Known Flow","228924.807449","642949.279162","","0.000000","","","","","","","","","","","","0.000000","0.000000","","","","","","","","","","","","",""
"62501600002117","Nodes","","21.000000","32.253018","Default Known Flow Node","Known Flow","228984.325465","643218.359235","","0.000000","","","","","","","","","","","","0.000000","0.000000","","","","","","","","","","","","",""
"62501600002120","Nodes","","21.000000","34.111946","Default Known Flow Node","Known Flow","228662.733378","643205.190232","","0.000000","","","","","","","","","","","","0.000000","0.000000","","","","","","","","","","","","",""
"62501600002123","Nodes","","21.000000","34.151183","Default Known Flow Node","Known Flow","228698.348387","643195.966229","","0.000000","","","","","","","","","","","","0.000000","0.000000","","","","","","","","","","","","",""
"62501600002152","Nodes","","21.000000","34.150992","Default Known Flow Node","Known Flow","228698.595905","643196.894339","","0.000000","","","","","","","","","","","","0.000000","0.000000","","","","","","","","","","","","",""
"62501600002130","Nodes","","21.000000","31.646290","Default Known Flow Node","Known Flow","228956.158664","643193.950859","","0.000000","","","","","","","","","","","","0.000000","0.000000","","","","","","","","","","","","",""
"62501600002111","Nodes","","21.000000","31.646290","Default Known Flow Node","Known Flow","228945.216455","643203.954231","","0.000000","","","","","","","","","","","","0.000000","0.000000","","","","","","","","","","","","",""
"62501600002135","Nodes","","21.000000","29.968603","Default Known Flow Node","Known Flow","228827.112422","643413.528288","","0.000000","","","","","","","","","","","","0.000000","0.000000","","","","","","","","","","","","",""
"62501600002140","Nodes","","21.000000","34.109587","Default Known Flow Node","Known Flow","228660.134377","643204.880231","","0.000000","","","","","","","","","","","","0.000000","0.000000","","","","","","","","","","","","",""
"62501600002141","Nodes","","21.000000","34.120632","Default Known Flow Node","Known Flow","228686.859384","643209.864233","","0.000000","","","","","","","","","","","","0.000000","0.000000","","","","","","","","","","","","",""
"62501600002142","Nodes","","21.000000","34.224492","Default Known Flow Node","Known Flow","228715.878392","643253.610245","","0.000000","","","","","","","","","","","","0.000000","0.000000","","","","","","","","","","","","",""
"62501600002145","Nodes","Cranberry Court RRI 1","21.000000","49.999998","Default Known Pressure Node","Known Pressure","228995.453468","643088.327200","","99.999997","","","","","","","","","","","","2.128238","2.380000","","","","","","","","","","","","",""
"62501600002146","Nodes","","21.000000","49.940368","DDS demands","Known Flow","229032.203478","643091.077200","","0.000000","","","","","","-2.380000","","","","","","-2.128238","-2.380000","","","","","","","","D1 PROFILE","","","","",""
"62501600002105","Nodes","","21.000000","33.646290","Default Known Flow Node","Known Flow","228786.033411","643271.969250","","0.000000","","","","","","","","","","","","0.000000","0.000000","","","","","","","","","","","","",""
"62501600002151","Nodes","","21.000000","34.118540","Default Known Flow Node","Known Flow","228684.060271","643199.771453","","0.000000","","","","","","","","","","","","0.000000","0.000000","","","","","","","","","","","","",""
"62501600002186","Nodes","","21.000000","25.759450","Default Known Flow Node","Known Flow","229082.133492","643788.462390","","0.000000","","","","","","","","","","","","0.000000","0.000000","","","","","","","","","","","","",""
"62501600002206","Nodes","","21.000000","25.916381","Default Known Flow Node","Known Flow","228976.753274","643708.122111","","0.000000","","","","","","","","","","","","0.000000","0.000000","","","","","","","","","","","","",""
"62501600002207","Nodes","","21.000000","25.960052","Default Known Flow Node","Known Flow","228957.238458","643681.510361","","0.000000","","","","","","","","","","","","0.000000","0.000000","","","","","","","","","","","","",""
"62501600002214","Nodes","","21.000000","25.402361","Default Known Flow Node","Known Flow","228985.117465","643656.329354","","0.000000","","","","","","","","","","","","0.000000","0.000000","","","","","","","","","","","","",""
"62501600002217","Nodes","","21.000000","29.544842","Default Known Flow Node","Known Flow","228805.708417","643476.703305","","0.000000","","","","","","","","","","","","0.000000","0.000000","","","","","","","","","","","","",""
"62501600002221","Nodes","","21.000000","25.949441","Default Known Flow Node","Known Flow","229001.415470","643689.997363","","0.000000","","","","","","","","","","","","0.000000","0.000000","","","","","","","","","","","","",""
"62501600002222","Nodes","","21.000000","26.003063","Default Known Flow Node","Known Flow","228997.978469","643685.330362","","0.000000","","","","","","","","","","","","0.000000","0.000000","","","","","","","","","","","","",""
"62501600002237","Nodes","","21.000000","26.054932","Default Known Flow Node","Known Flow","229002.301619","643682.257941","","0.000000","","","","","","","","","","","","0.000000","0.000000","","","","","","","","","","","","",""
"62501600002233","Nodes","","21.000000","25.402361","Default Known Flow Node","Known Flow","228977.821463","643644.802351","","0.000000","","","","","","","","","","","","0.000000","0.000000","","","","","","","","","","","","",""
"62501600002231","Nodes","","21.000000","26.054932","Default Known Flow Node","Known Flow","229003.324518","643683.612327","","0.000000","","","","","","","","","","","","0.000000","0.000000","","","","","","","","","","","","",""
"62501600002277","Nodes","","21.000000","22.108249","Default Known Flow Node","Known Flow","229396.666577","642613.256070","","0.000000","","","","","","","","","","","","0.000000","0.000000","","","","","","","","","","","","",""
"62501600002281","Nodes","","21.000000","22.268332","Default Known Flow Node","Known Flow","229350.251565","642587.822064","","0.000000","","","","","","","","","","","","0.000000","0.000000","","","","","","","","","","","","",""
"62501600002282","Nodes","","21.000000","22.268332","Default Known Flow Node","Known Flow","229362.093568","642609.061069","","0.000000","","","","","","","","","","","","0.000000","0.000000","","","","","","","","","","","","",""
"62501600002278","Nodes","","21.000000","22.268332","Default Known Flow Node","Known Flow","229371.657571","642626.711074","","0.000000","","","","","","","","","","","","0.000000","0.000000","","","","","","","","","","","","",""
"62501600002290","Nodes","","21.000000","49.993033","Default Known Flow Node","Known Flow","229147.703510","643010.952179","","0.000000","","","","","","","","","","","","0.000000","0.000000","","","","","","","","","","","","",""
"62501600002291","Nodes","","21.000000","49.705168","DDS demands","Known Flow","229159.328513","643032.952185","","0.000000","","","","","","-2.440000","","","","","","-2.181891","-2.440000","","","","","","","","D1 PROFILE","","","","",""
"62501600002304","Nodes","Cranberry Place RRI 1","21.000000","49.999998","Default Known Pressure Node","Known Pressure","229108.703499","643021.577182","","99.999997","","","","","","","","","","","","3.469565","3.880000","","","","","","","","","","","","",""
"62501600002305","Nodes","","21.000000","49.936053","DDS demands","Known Flow","229145.578509","643046.327188","","0.000000","","","","","","-3.880000","","","","","","-3.469565","-3.880000","","","","","","","","D1 PROFILE","","","","",""
"62501600002308","Nodes","Cranberry Place RRI 2","21.000000","49.999998","Default Known Pressure Node","Known Pressure","229145.828509","643000.702176","","99.999997","","","","","","","","","","","","2.181891","2.440000","","","","","","","","","","","","",""
"62501600002317","Nodes","","21.000000","49.986276","DDS demands","Known Flow","229268.453542","642964.577166","","0.000000","","","","","","-1.620000","","","","","","-1.448633","-1.620000","","","","","","","","D1 PROFILE","","","","",""
"62501600002318","Nodes","","21.000000","49.923367","DDS demands","Known Flow","229286.203547","642960.202165","","0.000000","","","","","","-1.190000","","","","","","-1.064119","-1.190000","","","","","","","","D1 PROFILE","","","","",""
"62501600002319","Nodes","Muirside Court RRI 2","21.000000","49.999998","Default Known Pressure Node","Known Pressure","229234.828533","642957.702164","","99.999997","","","","","","","","","","","","1.913626","2.140000","","","","","","","","","","","","",""
"62501600002320","Nodes","","21.000000","49.783809","DDS demands","Known Flow","229245.328536","642978.452170","","0.000000","","","","","","-2.140000","","","","","","-1.913626","-2.140000","","","","","","","","D1 PROFILE","","","","",""
"62501600002342","Nodes","","21.000000","35.017087","Default Known Flow Node","Known Flow","229687.613841","643466.782216","","0.000000","","","","","","","","","","","","0.000000","0.000000","","","","","","","","","","","","",""
"62501600002329","Nodes","Muirside Place RRI 2","21.000000","49.999998","Default Known Pressure Node","Known Pressure","229289.953548","642928.952156","","99.999997","","","","","","","","","","","","1.377095","1.539999","","","","","","","","","","","","",""
"62501600002330","Nodes","","21.000000","49.925487","DDS demands","Known Flow","229297.328550","642942.327160","","0.000000","","","","","","-1.539999","","","","","","-1.377095","-1.539999","","","","","","","","D1 PROFILE","","","","",""
"62501600002335","Nodes","","21.000000","49.964438","Default Known Flow Node","Known Flow","229216.078528","643001.952176","","0.000000","","","","","","","","","","","","0.000000","0.000000","","","","","","","","","","","","",""
"62501600002336","Nodes","","21.000000","49.345319","DDS demands","Known Flow","229238.328534","642993.577174","","0.000000","","","","","","-3.930000","","","","","","-3.514276","-3.930000","","","","","","","","D1 PROFILE","","","","",""
"62501600002341","Nodes","Muirside Court RRI 1","21.000000","49.999998","Default Known Pressure Node","Known Pressure","229198.578523","642974.952169","","99.999997","","","","","","","","","","","","3.514276","3.930000","","","","","","","","","","","","",""
"62501600002581","Nodes","","21.000000","35.200412","Default Known Flow Node","Known Flow","229777.859744","643401.114392","","0.000000","","","","","","","","","","","","0.000000","0.000000","","","","","","","","","","","","",""
"62501600002349","Nodes","Muirside Place RRI 1","21.000000","49.999998","Default Known Pressure Node","Known Pressure","229255.328539","642947.702161","","99.999997","","","","","","","","","","","","2.512752","2.810000","","","","","","","","","","","","",""
"62501600002361","Nodes","","21.000000","24.886192","Default Known Flow Node","Known Flow","229439.086589","643098.325202","","0.000000","","","","","","","","","","","","0.000000","0.000000","","","","","","","","","","","","",""
"62501600002362","Nodes","","21.000000","24.914489","Default Known Flow Node","Known Flow","229430.648587","643102.690204","","0.000000","","","","","","","","","","","","0.000000","0.000000","","","","","","","","","","","","",""
"62501600002366","Nodes","","21.000000","24.966641","Default Known Flow Node","Known Flow","229436.588257","643119.163967","","0.000000","","","","","","","","","","","","0.000000","0.000000","","","","","","","","","","","","",""
"62501600002370","Nodes","","21.000000","24.966641","Default Known Flow Node","Known Flow","229442.487590","643125.006210","","0.000000","","","","","","","","","","","","0.000000","0.000000","","","","","","","","","","","","",""
"62501600002365","Nodes","","21.000000","23.729443","Default Known Flow Node","Known Flow","229552.698620","643207.408232","","0.000000","","","","","","","","","","","","0.000000","0.000000","","","","","","","","","","","","",""
"62501600002376","Nodes","","21.000000","23.768807","Default Known Flow Node","Known Flow","229543.115617","643212.298233","","0.000000","","","","","","","","","","","","0.000000","0.000000","","","","","","","","","","","","",""
"62501600002379","Nodes","","21.000000","23.616888","Default Known Flow Node","Known Flow","229655.358648","643138.416213","","0.000000","","","","","","","","","","","","0.000000","0.000000","","","","","","","","","","","","",""
"62501600002374","Nodes","","21.000000","23.651063","Default Known Flow Node","Known Flow","229608.031635","643181.807225","","0.000000","","","","","","","","","","","","0.000000","0.000000","","","","","","","","","","","","",""
"62501600002386","Nodes","","21.000000","33.978818","Default Known Flow Node","Known Flow","229408.066622","643511.513818","","0.000000","","","","","","","","","","","","0.000000","0.000000","","","","","","","","","","","","",""
"62501600002387","Nodes","","21.000000","33.978818","Default Known Flow Node","Known Flow","229388.040575","643476.696305","","0.000000","","","","","","","","","","","","0.000000","0.000000","","","","","","","","","","","","",""
"62501600002393","Nodes","","21.000000","33.815908","DDS demands","Known Flow","229537.767616","643995.049446","","0.000000","","","","","","-12.629999","","","","","","-11.293971","-12.629999","","","","","","","","D1 PROFILE","","","","",""
"62501600002394","Nodes","","21.000000","33.815908","Default Known Flow Node","Known Flow","229550.871619","643997.394447","","0.000000","","","","","","","","","","","","0.000000","0.000000","","","","","","","","","","","","",""
"62501600002486","Nodes","","21.000000","34.318587","Default Known Flow Node","Known Flow","229530.941258","644133.348269","","0.000000","","","","","","","","","","","","0.000000","0.000000","","","","","","","","","","","","",""
"62501600002424","Nodes","","21.000000","32.989760","Default Known Flow Node","Known Flow","229247.366810","643628.021739","","0.000000","","","","","","","","","","","","0.000000","0.000000","","","","","","","","","","","","",""
"62501600002399","Nodes","","21.000000","32.946677","Default Known Flow Node","Known Flow","229270.213543","643612.584342","","0.000000","","","","","","","","","","","","0.000000","0.000000","","","","","","","","","","","","",""
"62501600002425","Nodes","","21.000000","32.989760","Default Known Flow Node","Known Flow","229236.214031","643635.566458","","0.000000","","","","","","","","","","","","0.000000","0.000000","","","","","","","","","","","","",""
"62501600002440","Nodes","","21.000000","28.922994","DDS demands","Known Flow","229468.936803","643888.555503","","0.000000","","","","","","-18.299999","","","","","","-16.364187","-18.299999","","","","","","","","D1 PROFILE","","","","",""
"62501600002438","Nodes","","21.000000","28.698477","DDS demands","Known Flow","229542.892617","643909.225423","","0.000000","","","","","","-17.830000","","","","","","-15.943905","-17.830000","","","","","","","","D1 PROFILE","","","","",""
"62501600002439","Nodes","","21.000000","28.698477","Default Known Flow Node","Known Flow","229583.662628","643884.485416","","0.000000","","","","","","","","","","","","0.000000","0.000000","","","","","","","","","","","","",""
"62501600002441","Nodes","","21.000000","28.897735","Default Known Flow Node","Known Flow","229442.410590","643949.179434","","0.000000","","","","","","","","","","","","0.000000","0.000000","","","","","","","","","","","","",""
"62501600002442","Nodes","","21.000000","28.897735","Default Known Flow Node","Known Flow","229454.217346","643942.659186","","0.000000","","","","","","","","","","","","0.000000","0.000000","","","","","","","","","","","","",""
"62501600002450","Nodes","","21.000000","28.741856","Default Known Flow Node","Known Flow","229542.087617","643941.129432","","0.000000","","","","","","","","","","","","0.000000","0.000000","","","","","","","","","","","","",""
"62501600002451","Nodes","","21.000000","28.698477","Default Known Flow Node","Known Flow","229577.993627","643934.758430","","0.000000","","","","","","","","","","","","0.000000","0.000000","","","","","","","","","","","","",""
"62501600002467","Nodes","","21.000000","35.246965","Default Known Flow Node","Known Flow","229431.990587","643996.218447","","0.000000","","","","","","","","","","","","0.000000","0.000000","","","","","","","","","","","","",""
"62501600002473","Nodes","","21.000000","28.897735","Default Known Flow Node","Known Flow","229462.354595","643942.798432","","0.000000","","","","","","","","","","","","0.000000","0.000000","","","","","","","","","","","","",""
"62501600002476","Nodes","","21.000000","33.815908","Default Known Flow Node","Known Flow","229538.358531","643990.936433","","0.000000","","","","","","","","","","","","0.000000","0.000000","","","","","","","","","","","","",""
"62501600002423","Nodes","","21.000000","33.815908","Default Known Flow Node","Known Flow","229540.157616","643978.411442","","0.000000","","","","","","","","","","","","0.000000","0.000000","","","","","","","","","","","","",""
"62501600002477","Nodes","","21.000000","33.815908","Default Known Flow Node","Known Flow","229522.489612","643988.888445","","0.000000","","","","","","","","","","","","0.000000","0.000000","","","","","","","","","","","","",""
"62501600002408","Nodes","","21.000000","34.318587","Default Known Flow Node","Known Flow","229533.449615","644147.784488","","0.000000","","","","","","","","","","","","0.000000","0.000000","","","","","","","","","","","","",""
"62501600002485","Nodes","","21.000000","34.361604","Default Known Flow Node","Known Flow","229509.145608","644130.321483","","0.000000","","","","","","","","","","","","0.000000","0.000000","","","","","","","","","","","","",""
"62501600002527","Nodes","","21.000000","37.741325","Default Known Flow Node","Known Flow","229447.161216","644104.381055","","0.000000","","","","","","","","","","","","0.000000","0.000000","","","","","","","","","","","","",""
"62501600002487","Nodes","","21.000000","37.741325","Default Known Flow Node","Known Flow","229444.941590","644096.245474","","0.000000","","","","","","","","","","","","0.000000","0.000000","","","","","","","","","","","","",""
"62501600002528","Nodes","","21.000000","37.741325","Default Known Flow Node","Known Flow","229433.673587","644114.779479","","0.000000","","","","","","","","","","","","0.000000","0.000000","","","","","","","","","","","","",""
"62501600002533","Nodes","","21.000000","25.158498","Default Known Flow Node","Known Flow","229222.984530","644316.726534","","0.000000","","","","","","","","","","","","0.000000","0.000000","","","","","","","","","","","","",""
"62501600002653","Nodes","","21.000000","35.282974","Default Known Flow Node","Known Flow","229809.572407","643375.456922","","0.000000","","","","","","","","","","","","0.000000","0.000000","","","","","","","","","","","","",""
"62501600002580","Nodes","","21.000000","35.200412","Default Known Flow Node","Known Flow","229779.203681","643425.077291","","0.000000","","","","","","","","","","","","0.000000","0.000000","","","","","","","","","","","","",""
"62501600002599","Nodes","","21.000000","38.382213","Default Known Flow Node","Known Flow","230233.328805","643364.077275","","0.000000","","","","","","","","","","","","0.000000","0.000000","","","","","","","","","","","","",""
"62501600002600","Nodes","","21.000000","38.382213","Default Known Flow Node","Known Flow","230231.578804","643368.702276","","0.000000","","","","","","","","","","","","0.000000","0.000000","","","","","","","","","","","","",""
"62501600002624","Nodes","","21.000000","35.337179","Default Known Flow Node","Known Flow","229834.070835","643331.331897","","0.000000","","","","","","","","","","","","0.000000","0.000000","","","","","","","","","","","","",""
"62501600002644","Nodes","","21.000000","38.382213","Default Known Flow Node","Known Flow","230229.453804","643374.327278","","0.000000","","","","","","","","","","","","0.000000","0.000000","","","","","","","","","","","","",""
"62501600002658","Nodes","","21.000000","35.040187","Default Known Flow Node","Known Flow","229905.884716","643457.652300","","0.000000","","","","","","","","","","","","0.000000","0.000000","","","","","","","","","","","","",""
"62501600002659","Nodes","","21.000000","35.040187","Default Known Flow Node","Known Flow","229906.384716","643459.594301","","0.000000","","","","","","","","","","","","0.000000","0.000000","","","","","","","","","","","","",""
"62501600002667","Nodes","","21.000000","35.529056","Default Known Flow Node","Known Flow","229938.417478","643457.811054","","0.000000","","","","","","","","","","","","0.000000","0.000000","","","","","","","","","","","","",""
"62501600002663","Nodes","","21.000000","38.756153","Default Known Flow Node","Known Flow","230315.067830","643344.554240","","0.000000","","","","","","","","","","","","0.000000","0.000000","","","","","","","","","","","","",""
"62501600002664","Nodes","","21.000000","38.756153","Default Known Flow Node","Known Flow","230314.620827","643349.713271","","0.000000","","","","","","","","","","","","0.000000","0.000000","","","","","","","","","","","","",""
"62501600002688","Nodes","","21.000000","35.017958","Default Known Flow Node","Known Flow","230254.483811","643053.222190","","0.000000","","","","","","","","","","","","0.000000","0.000000","","","","","","","","","","","","",""
"62501600002666","Nodes","","21.000000","35.416564","Default Known Flow Node","Known Flow","229930.603723","643458.450300","","0.000000","","","","","","","","","","","","0.000000","0.000000","","","","","","","","","","","","",""
"62501600002671","Nodes","","21.000000","35.006953","Default Known Flow Node","Known Flow","230154.235783","643255.245245","","0.000000","","","","","","","","","","","","0.000000","0.000000","","","","","","","","","","","","",""
"62501600002672","Nodes","","21.000000","34.513292","Default Known Flow Node","Known Flow","230190.673793","643121.030209","","0.000000","","","","","","","","","","","","0.000000","0.000000","","","","","","","","","","","","",""
"62501600002675","Nodes","","21.000000","34.152274","Default Known Flow Node","Known Flow","229849.165700","643464.334302","","0.000000","","","","","","","","","","","","0.000000","0.000000","","","","","","","","","","","","",""
"62501600002682","Nodes","","21.000000","34.718106","Default Known Flow Node","Known Flow","230230.604518","643041.900778","","0.000000","","","","","","","","","","","","0.000000","0.000000","","","","","","","","","","","","",""
"62501600002685","Nodes","","21.000000","34.591390","Default Known Flow Node","Known Flow","230208.419982","643081.080279","","0.000000","","","","","","","","","","","","0.000000","0.000000","","","","","","","","","","","","",""
"62501600002687","Nodes","","21.000000","39.530113","Default Known Flow Node","Known Flow","230223.954802","643534.437321","","0.000000","","","","","","","","","","","","0.000000","0.000000","","","","","","","","","","","","",""
"62501600002689","Nodes","","21.000000","34.839244","Default Known Flow Node","Known Flow","229772.782680","643567.819330","","0.000000","","","","","","","","","","","","0.000000","0.000000","","","","","","","","","","","","",""
"62501600002691","Nodes","","21.000000","34.489645","Default Known Flow Node","Known Flow","230190.724793","643093.381201","","0.000000","","","","","","","","","","","","0.000000","0.000000","","","","","","","","","","","","",""
"62501600002692","Nodes","","21.000000","34.497260","Default Known Flow Node","Known Flow","230195.670795","643095.372202","","0.000000","","","","","","","","","","","","0.000000","0.000000","","","","","","","","","","","","",""
"62501600002693","Nodes","","21.000000","34.528066","Default Known Flow Node","Known Flow","230199.845796","643097.051202","","0.000000","","","","","","","","","","","","0.000000","0.000000","","","","","","","","","","","","",""
"62501600002694","Nodes","","21.000000","34.531168","Default Known Flow Node","Known Flow","230201.860921","643097.862250","","0.000000","","","","","","","","","","","","0.000000","0.000000","","","","","","","","","","","","",""
"62501600002698","Nodes","","21.000000","35.501505","Default Known Flow Node","Known Flow","229819.011692","643285.568253","","0.000000","","","","","","","","","","","","0.000000","0.000000","","","","","","","","","","","","",""
"62501600002699","Nodes","","21.000000","35.372805","Default Known Flow Node","Known Flow","229816.763692","643271.731250","","0.000000","","","","","","","","","","","","0.000000","0.000000","","","","","","","","","","","","",""
"62501600002729","Nodes","","21.000000","39.879227","Default Known Flow Node","Known Flow","230257.815812","643898.585420","","0.000000","","","","","","","","","","","","0.000000","0.000000","","","","","","","","","","","","",""
"62501600002767","Nodes","","21.000000","39.879227","Default Known Flow Node","Known Flow","230257.313811","643904.457422","","0.000000","","","","","","","","","","","","0.000000","0.000000","","","","","","","","","","","","",""
"62501600002815","Nodes","","21.000000","39.853090","Default Known Flow Node","Known Flow","230218.167801","643740.471377","","0.000000","","","","","","","","","","","","0.000000","0.000000","","","","","","","","","","","","",""
"62501600002834","Nodes","","21.000000","34.809828","Default Known Flow Node","Known Flow","229797.128686","643570.047331","","0.000000","","","","","","","","","","","","0.000000","0.000000","","","","","","","","","","","","",""
"62501600002830","Nodes","","21.000000","39.783305","Default Known Flow Node","Known Flow","230217.272628","643753.186861","","0.000000","","","","","","","","","","","","0.000000","0.000000","","","","","","","","","","","","",""
"62501600002821","Nodes","","21.000000","39.898596","Default Known Flow Node","Known Flow","230291.726821","643577.705333","","0.000000","","","","","","","","","","","","0.000000","0.000000","","","","","","","","","","","","",""
"62501600002827","Nodes","","21.000000","34.809828","Default Known Flow Node","Known Flow","229797.262402","643580.827774","","0.000000","","","","","","","","","","","","0.000000","0.000000","","","","","","","","","","","","",""
"62501600002828","Nodes","","21.000000","34.810411","Default Known Flow Node","Known Flow","229794.143685","643611.323342","","0.000000","","","","","","","","","","","","0.000000","0.000000","","","","","","","","","","","","",""
"62501600002829","Nodes","","21.000000","34.810411","Default Known Flow Node","Known Flow","229798.192683","643570.071470","","0.000000","","","","","","","","","","","","0.000000","0.000000","","","","","","","","","","","","",""
"62501600002836","Nodes","","21.000000","35.134983","DDS demands","Known Flow","229933.421174","643573.449347","","0.000000","","-53.830001","","","","","","","","","","-48.135750","-53.830001","","","","C2 PROFILE","","","","","","","","",""
"62501600002846","Nodes","","21.000000","39.732827","Default Known Flow Node","Known Flow","230226.254482","643753.869779","","0.000000","","","","","","","","","","","","0.000000","0.000000","","","","","","","","","","","","",""
"62501600002848","Nodes","","21.000000","40.203294","Default Known Flow Node","Known Flow","230272.410816","643639.964350","","0.000000","","","","","","","","","","","","0.000000","0.000000","","","","","","","","","","","","",""
"62501600002849","Nodes","","21.000000","40.245771","Default Known Flow Node","Known Flow","230192.762794","643659.019355","","0.000000","","","","","","","","","","","","0.000000","0.000000","","","","","","","","","","","","",""
"62501600002865","Nodes","","21.000000","36.402095","Default Known Flow Node","Known Flow","229871.067495","644230.959691","","0.000000","","","","","","","","","","","","0.000000","0.000000","","","","","","","","","","","","",""
"62501600002900","Nodes","","21.000000","28.099394","Default Known Flow Node","Known Flow","230854.549376","642533.422806","","0.000000","","","","","","","","","","","","0.000000","0.000000","","","","","","","","","","","","",""
"62501600002901","Nodes","","21.000000","28.056102","Default Known Flow Node","Known Flow","230820.720965","642524.909046","","0.000000","","","","","","","","","","","","0.000000","0.000000","","","","","","","","","","","","",""
"62501600002993","Nodes","","21.000000","26.082473","Default Known Flow Node","Known Flow","230992.410011","643171.893222","","0.000000","","","","","","","","","","","","0.000000","0.000000","","","","","","","","","","","","",""
"62501600002994","Nodes","","21.000000","36.329774","Default Known Flow Node","Known Flow","230472.955733","643084.338244","","0.000000","","","","","","","","","","","","0.000000","0.000000","","","","","","","","","","","","",""
"62501600002995","Nodes","","21.000000","36.201550","Default Known Flow Node","Known Flow","230476.812882","643053.601116","","0.000000","","","","","","","","","","","","0.000000","0.000000","","","","","","","","","","","","",""
"62501600002999","Nodes","","21.000000","36.201550","Default Known Flow Node","Known Flow","230457.780866","643050.846190","","0.000000","","","","","","","","","","","","0.000000","0.000000","","","","","","","","","","","","",""
"62501600003025","Nodes","","21.000000","33.853362","Default Known Flow Node","Known Flow","230794.459783","643515.864652","","0.000000","","","","","","","","","","","","0.000000","0.000000","","","","","","","","","","","","",""
"62501600003026","Nodes","","21.000000","33.790843","Default Known Flow Node","Known Flow","230800.495679","643521.638749","","0.000000","","","","","","","","","","","","0.000000","0.000000","","","","","","","","","","","","",""
"62501600003095","Nodes","","21.000000","37.738436","Default Known Flow Node","Known Flow","230533.323887","644055.850463","","0.000000","","","","","","","","","","","","0.000000","0.000000","","","","","","","","","","","","",""
"62501600003096","Nodes","","21.000000","37.738436","Default Known Flow Node","Known Flow","230554.283892","644071.961467","","0.000000","","","","","","","","","","","","0.000000","0.000000","","","","","","","","","","","","",""
"62501600003168","Nodes","","21.000000","26.984630","Default Known Flow Node","Known Flow","230999.004011","643278.310251","","0.000000","","","","","","","","","","","","0.000000","0.000000","","","","","","","","","","","","",""
"62501600003169","Nodes","","21.000000","27.028134","Default Known Flow Node","Known Flow","230973.756006","643267.231248","","0.000000","","","","","","","","","","","","0.000000","0.000000","","","","","","","","","","","","",""
"62501600003171","Nodes","","21.000000","27.795391","Default Known Flow Node","Known Flow","230976.050007","643336.500267","","0.000000","","","","","","","","","","","","0.000000","0.000000","","","","","","","","","","","","",""
"62501600003172","Nodes","","21.000000","25.935616","Default Known Flow Node","Known Flow","231010.035016","643193.484228","","0.000000","","","","","","","","","","","","0.000000","0.000000","","","","","","","","","","","","",""
"62501600003174","Nodes","","21.000000","25.974729","Default Known Flow Node","Known Flow","230993.591012","643177.002224","","0.000000","","","","","","","","","","","","0.000000","0.000000","","","","","","","","","","","","",""
"62501600003175","Nodes","","21.000000","25.911614","Default Known Flow Node","Known Flow","231010.761016","643176.693224","","0.000000","","","","","","","","","","","","0.000000","0.000000","","","","","","","","","","","","",""
"62501600003177","Nodes","","21.000000","25.425591","Default Known Flow Node","Known Flow","231186.266064","643212.094233","","0.000000","","","","","","","","","","","","0.000000","0.000000","","","","","","","","","","","","",""
"62501600003178","Nodes","","21.000000","25.381976","Default Known Flow Node","Known Flow","231162.040058","643233.339239","","0.000000","","","","","","","","","","","","0.000000","0.000000","","","","","","","","","","","","",""
"62501600003179","Nodes","","21.000000","24.174786","Default Known Flow Node","Known Flow","231214.425072","643345.170270","","0.000000","","","","","","","","","","","","0.000000","0.000000","","","","","","","","","","","","",""
"62501600003180","Nodes","","21.000000","24.349031","Default Known Flow Node","Known Flow","231213.540072","643333.899267","","0.000000","","","","","","","","","","","","0.000000","0.000000","","","","","","","","","","","","",""
"62501600003184","Nodes","","21.000000","26.333813","Default Known Flow Node","Known Flow","231001.611014","643242.864242","","0.000000","","","","","","","","","","","","0.000000","0.000000","","","","","","","","","","","","",""
"62501600003210","Nodes","","21.000000","26.575573","Default Known Flow Node","Known Flow","231000.479014","643256.034245","","0.000000","","","","","","","","","","","","0.000000","0.000000","","","","","","","","","","","","",""
"62501600003186","Nodes","","21.000000","25.966716","Default Known Flow Node","Known Flow","231012.146017","643206.805232","","0.000000","","","","","","","","","","","","0.000000","0.000000","","","","","","","","","","","","",""
"62501600003188","Nodes","","21.000000","25.896920","Default Known Flow Node","Known Flow","231014.755018","643176.475224","","0.000000","","","","","","","","","","","","0.000000","0.000000","","","","","","","","","","","","",""
"62501600003189","Nodes","","21.000000","25.894046","Default Known Flow Node","Known Flow","231016.152018","643181.186225","","0.000000","","","","","","","","","","","","0.000000","0.000000","","","","","","","","","","","","",""
"62501600003190","Nodes","","21.000000","25.919424","Default Known Flow Node","Known Flow","231013.934017","643191.086228","","0.000000","","","","","","","","","","","","0.000000","0.000000","","","","","","","","","","","","",""
"62501600003191","Nodes","","21.000000","25.642884","Default Known Flow Node","Known Flow","231076.947034","643170.620222","","0.000000","","","","","","","","","","","","0.000000","0.000000","","","","","","","","","","","","",""
"62501600003194","Nodes","","21.000000","25.832819","Default Known Flow Node","Known Flow","231078.729035","643211.454233","","0.000000","","","","","","","","","","","","0.000000","0.000000","","","","","","","","","","","","",""
"62501600003195","Nodes","","21.000000","26.150825","Default Known Flow Node","Known Flow","231081.364036","643278.324251","","0.000000","","","","","","","","","","","","0.000000","0.000000","","","","","","","","","","","","",""
"62501600003196","Nodes","","21.000000","26.637856","Default Known Flow Node","Known Flow","231085.863037","643376.448278","","0.000000","","","","","","","","","","","","0.000000","0.000000","","","","","","","","","","","","",""
"62501600003198","Nodes","","21.000000","24.754455","Default Known Flow Node","Known Flow","231243.952080","643330.236266","","0.000000","","","","","","","","","","","","0.000000","0.000000","","","","","","","","","","","","",""
"62501600003200","Nodes","","21.000000","24.655050","Default Known Flow Node","Known Flow","231306.830097","643324.273264","","0.000000","","","","","","","","","","","","0.000000","0.000000","","","","","","","","","","","","",""
"62501600003201","Nodes","","21.000000","24.659032","Default Known Flow Node","Known Flow","231304.835096","643324.408264","","0.000000","","","","","","","","","","","","0.000000","0.000000","","","","","","","","","","","","",""
"62501600003203","Nodes","","21.000000","24.568132","Default Known Flow Node","Known Flow","231307.709097","643277.418251","","0.000000","","","","","","","","","","","","0.000000","0.000000","","","","","","","","","","","","",""
"62501600003204","Nodes","","21.000000","25.569168","Default Known Flow Node","Known Flow","231159.218057","643281.209252","","0.000000","","","","","","","","","","","","0.000000","0.000000","","","","","","","","","","","","",""
"62501600003207","Nodes","","21.000000","25.213947","Default Known Flow Node","Known Flow","231183.555063","643290.007255","","0.000000","","","","","","","","","","","","0.000000","0.000000","","","","","","","","","","","","",""
"62501600003244","Nodes","","21.000000","25.139094","Default Known Flow Node","Known Flow","231196.989081","643296.325218","","0.000000","","","","","","","","","","","","0.000000","0.000000","","","","","","","","","","","","",""
"62501600003208","Nodes","","21.000000","24.568132","Default Known Flow Node","Known Flow","231267.647086","643245.510242","","0.000000","","","","","","","","","","","","0.000000","0.000000","","","","","","","","","","","","",""
"62501600003211","Nodes","","21.000000","26.575573","Default Known Flow Node","Known Flow","230976.722007","643240.884241","","0.000000","","","","","","","","","","","","0.000000","0.000000","","","","","","","","","","","","",""
"62501600003185","Nodes","","21.000000","28.815489","Default Known Flow Node","Known Flow","231001.338014","643383.068280","","0.000000","","","","","","","","","","","","0.000000","0.000000","","","","","","","","","","","","",""
"62501600003212","Nodes","","21.000000","25.923908","Default Known Flow Node","Known Flow","231013.542017","643192.835228","","0.000000","","","","","","","","","","","","0.000000","0.000000","","","","","","","","","","","","",""
"62501600003213","Nodes","","21.000000","25.932113","Default Known Flow Node","Known Flow","231010.341016","643192.118228","","0.000000","","","","","","","","","","","","0.000000","0.000000","","","","","","","","","","","","",""
"62501600003215","Nodes","","21.000000","27.751361","Default Known Flow Node","Known Flow","231015.049018","643306.225259","","0.000000","","","","","","","","","","","","0.000000","0.000000","","","","","","","","","","","","",""
"62501600003216","Nodes","","21.000000","27.720148","Default Known Flow Node","Known Flow","231017.676018","643331.375266","","0.000000","","","","","","","","","","","","0.000000","0.000000","","","","","","","","","","","","",""
"62501600003219","Nodes","","21.000000","25.535681","Default Known Flow Node","Known Flow","231137.871051","643366.028275","","0.000000","","","","","","","","","","","","0.000000","0.000000","","","","","","","","","","","","",""
"62501600003220","Nodes","","21.000000","25.425591","Default Known Flow Node","Known Flow","231190.203065","643214.915234","","0.000000","","","","","","","","","","","","0.000000","0.000000","","","","","","","","","","","","",""
"62501600003223","Nodes","","21.000000","25.073109","Default Known Flow Node","Known Flow","231220.425443","643260.075699","","0.000000","","","","","","","","","","","","0.000000","0.000000","","","","","","","","","","","","",""
"62501600003224","Nodes","","21.000000","25.020878","Default Known Flow Node","Known Flow","231227.834076","643262.929247","","0.000000","","","","","","","","","","","","0.000000","0.000000","","","","","","","","","","","","",""
"62501600003225","Nodes","","21.000000","26.993321","Default Known Flow Node","Known Flow","230972.804006","643292.452255","","0.000000","","","","","","","","","","","","0.000000","0.000000","","","","","","","","","","","","",""
"62501600003197","Nodes","","21.000000","26.658560","Default Known Flow Node","Known Flow","231086.219782","643380.266549","","0.000000","","","","","","","","","","","","0.000000","0.000000","","","","","","","","","","","","",""
"62501600003227","Nodes","","21.000000","25.536063","Default Known Flow Node","Known Flow","231137.968025","643367.128784","","0.000000","","","","","","","","","","","","0.000000","0.000000","","","","","","","","","","","","",""
"62501600003229","Nodes","","21.000000","25.267581","Default Known Flow Node","Known Flow","231183.619064","643286.462254","","0.000000","","","","","","","","","","","","0.000000","0.000000","","","","","","","","","","","","",""
"62501600003232","Nodes","","21.000000","24.568132","Default Known Flow Node","Known Flow","231303.106096","643273.562250","","0.000000","","","","","","","","","","","","0.000000","0.000000","","","","","","","","","","","","",""
"62501600003246","Nodes","","21.000000","23.245214","Default Known Flow Node","Known Flow","231442.729810","643380.106333","","0.000000","","","","","","","","","","","","0.000000","0.000000","","","","","","","","","","","","",""
"62501600003237","Nodes","","21.000000","27.824273","Default Known Flow Node","Known Flow","230973.841006","643311.936261","","0.000000","","","","","","","","","","","","0.000000","0.000000","","","","","","","","","","","","",""
"62501600003239","Nodes","","21.000000","26.804387","Default Known Flow Node","Known Flow","231018.848019","643260.970247","","0.000000","","","","","","","","","","","","0.000000","0.000000","","","","","","","","","","","","",""
"62501600003240","Nodes","","21.000000","26.804387","Default Known Flow Node","Known Flow","231019.962019","643256.977246","","0.000000","","","","","","","","","","","","0.000000","0.000000","","","","","","","","","","","","",""
"62501600003193","Nodes","","21.000000","25.816645","Default Known Flow Node","Known Flow","231078.605035","643208.464232","","0.000000","","","","","","","","","","","","0.000000","0.000000","","","","","","","","","","","","",""
"62501600003241","Nodes","","21.000000","26.168437","Default Known Flow Node","Known Flow","231081.482036","643281.582252","","0.000000","","","","","","","","","","","","0.000000","0.000000","","","","","","","","","","","","",""
"62501600003218","Nodes","","21.000000","25.635963","Default Known Flow Node","Known Flow","231079.372035","643170.176222","","0.000000","","","","","","","","","","","","0.000000","0.000000","","","","","","","","","","","","",""
"62501600003231","Nodes","","21.000000","25.302527","Default Known Flow Node","Known Flow","231185.713064","643282.270252","","0.000000","","","","","","","","","","","","0.000000","0.000000","","","","","","","","","","","","",""
"62501600003249","Nodes","","21.000000","25.309867","Default Known Flow Node","Known Flow","231184.935258","643283.827350","","0.000000","","","","","","","","","","","","0.000000","0.000000","","","","","","","","","","","","",""
"62501600003243","Nodes","","21.000000","25.577101","Default Known Flow Node","Known Flow","231134.536039","643367.308067","","0.000000","","","","","","","","","","","","0.000000","0.000000","","","","","","","","","","","","",""
"62501600003245","Nodes","","21.000000","25.051831","Default Known Flow Node","Known Flow","231178.019062","643333.084266","","0.000000","","","","","","","","","","","","0.000000","0.000000","","","","","","","","","","","","",""
"62501600003247","Nodes","","21.000000","23.157636","Default Known Flow Node","Known Flow","231394.154121","643392.357282","","0.000000","","","","","","","","","","","","0.000000","0.000000","","","","","","","","","","","","",""
"62501600003250","Nodes","","21.000000","25.445454","Default Known Flow Node","Known Flow","231180.723774","643281.723219","","0.000000","","","","","","","","","","","","0.000000","0.000000","","","","","","","","","","","","",""
"62501600003221","Nodes","","21.000000","25.409006","Default Known Flow Node","Known Flow","231208.707070","643179.678225","","0.000000","","","","","","","","","","","","0.000000","0.000000","","","","","","","","","","","","",""
"62501600003251","Nodes","","21.000000","26.816997","Default Known Flow Node","Known Flow","231014.346017","643283.475253","","0.000000","","","","","","","","","","","","0.000000","0.000000","","","","","","","","","","","","",""
"62501600003253","Nodes","","21.000000","25.612766","Default Known Flow Node","Known Flow","231124.818716","643268.990084","","0.000000","","","","","","","","","","","","0.000000","0.000000","","","","","","","","","","","","",""
"62501600003254","Nodes","","21.000000","25.612766","Default Known Flow Node","Known Flow","231120.923046","643248.335243","","0.000000","","","","","","","","","","","","0.000000","0.000000","","","","","","","","","","","","",""
"62501600003255","Nodes","","21.000000","25.612766","Default Known Flow Node","Known Flow","231121.599047","643267.796249","","0.000000","","","","","","","","","","","","0.000000","0.000000","","","","","","","","","","","","",""
"62501600003182","Nodes","","21.000000","24.084889","Default Known Flow Node","Known Flow","231216.348072","643359.823274","","0.000000","","","","","","","","","","","","0.000000","0.000000","","","","","","","","","","","","",""
"62501600003256","Nodes","","21.000000","25.073109","Default Known Flow Node","Known Flow","231222.029074","643260.638247","","0.000000","","","","","","","","","","","","0.000000","0.000000","","","","","","","","","","","","",""
"62501600002138","Nodes","","21.000000","34.046850","Default Known Flow Node","Known Flow","228654.871376","643176.809224","","0.000000","","","","","","","","","","","","0.000000","0.000000","","","","","","","","","","","","",""
"62501600002118","Nodes","","21.000000","32.109564","Default Known Flow Node","Known Flow","228954.954457","643181.764225","","0.000000","","","","","","","","","","","","0.000000","0.000000","","","","","","","","","","","","",""
"62501600002371","Nodes","","21.000000","24.914489","Default Known Flow Node","Known Flow","229428.671586","643097.203202","","0.000000","","","","","","","","","","","","0.000000","0.000000","","","","","","","","","","","","",""
"62501600002457","Nodes","","21.000000","28.741856","Default Known Flow Node","Known Flow","229534.329615","643953.686435","","0.000000","","","","","","","","","","","","0.000000","0.000000","","","","","","","","","","","","",""
"62501600003000","Nodes","","21.000000","36.201550","Default Known Flow Node","Known Flow","230498.035877","643056.673191","","0.000000","","","","","","","","","","","","0.000000","0.000000","","","","","","","","","","","","",""
"62501600002228","Nodes","","21.000000","24.499915","Default Known Flow Node","Known Flow","229025.685476","643671.983359","","0.000000","","","","","","","","","","","","0.000000","0.000000","","","","","","","","","","","","",""
"62501600002367","Nodes","","21.000000","24.999999","Default Known Flow Node","Known Flow","229450.117592","643114.731207","","0.000000","","","","","","","","","","","","0.000000","0.000000","","","","","","","","","","","","",""
"62501600001993","Nodes","","21.000000","32.829894","Default Known Flow Node","Known Flow","228491.994331","643034.753185","","0.000000","","","","","","","","","","","","0.000000","0.000000","","","","","","","","","","","","",""
"62501600000009","Nodes","","21.000000","26.824474","Default Known Flow Node","Known Flow","228975.111463","642792.671119","","0.000000","","","","","","","","","","","","0.000000","0.000000","","","","","","","","","","","","",""
"62501600000008","Nodes","","21.000000","26.824320","Default Known Flow Node","Known Flow","228976.561463","642791.906119","","0.000000","","","","","","","","","","","","0.000000","0.000000","","","","","","","","","","","","",""
"62501600000016","Nodes","","21.000000","25.868770","Default Known Flow Node","Known Flow","229030.804709","643782.010268","","0.000000","","","","","","","","","","","","0.000000","0.000000","","","","","","","","","","","","",""
"62501600000018","Nodes","","21.000000","23.767213","Default Known Flow Node","Known Flow","229544.561618","643212.930234","","0.000000","","","","","","","","","","","","0.000000","0.000000","","","","","","","","","","","","",""
"62501600000020","Nodes","","21.000000","34.712853","Default Known Flow Node","Known Flow","230230.984804","643040.652187","","0.000000","","","","","","","","","","","","0.000000","0.000000","","","","","","","","","","","","",""
"62501600000014","Nodes","","21.000000","34.153517","Default Known Flow Node","Known Flow","228699.349076","643195.701818","","0.000000","","","","","","","","","","","","0.000000","0.000000","","","","","","","","","","","","",""
"62501600000019","Nodes","","21.000000","23.767936","Default Known Flow Node","Known Flow","229542.784617","643213.820234","","0.000000","","","","","","","","","","","","0.000000","0.000000","","","","","","","","","","","","",""
"62501600001850","Nodes","P00034518, Glasgow Road, -30.46","23.500000","22.906094","CSEP DDS Matched","Known Flow","230967.295858","643772.576576","","0.000000","","","","","","","-20.020000","","","","","-17.902242","-20.020000","","","","","","","","","DC PROFILE","","","",""
"62501600000057","Nodes","57","21.000000","32.506950","DDS demands","Known Flow","228855.563430","643320.556263","","0.000000","","","","","","-2.720000","","","","","","-2.432272","-2.720000","","","","","","","","D1 PROFILE","","","","",""
"62501600000060","Nodes","60","21.000000","33.262824","DDS demands","Known Flow","228890.037439","643276.265251","","0.000000","","","","","","-2.539999","","","","","","-2.271313","-2.539999","","","","","","","","D1 PROFILE","","","","",""
"62501600000056","Nodes","56","21.000000","32.646491","DDS demands","Known Flow","228852.888463","643348.641306","","0.000000","","","","","","-7.300000","","","","","","-6.527790","-7.300000","","","","","","","","D1 PROFILE","","","","",""
"62501600000061","Nodes","61","21.000000","32.269171","DDS demands","Known Flow","228985.484526","643222.423410","","0.000000","","","","","","-8.680000","","","","","","-7.761811","-8.680000","","","","","","","","D1 PROFILE","","","","",""
"62501600000572","Nodes","572","21.000000","32.941924","DDS demands","Known Flow","228903.407270","643339.299704","","0.000000","","","","","","-2.819999","","","","","","-2.521694","-2.819999","","","","","","","","D1 PROFILE","","","","",""
"62501600000055","Nodes","55","21.000000","32.479646","DDS demands","Known Flow","228790.905166","643367.857016","","0.000000","","","","","","-10.949999","","","","","","-9.791686","-10.949999","","","","","","","","D1 PROFILE","","","","",""
"62501600000609","Nodes","609","21.000000","34.176399","DDS demands","Known Flow","228708.267390","643190.276227","","0.000000","","","","","","-9.580000","","","","","","-8.566607","-9.580000","","","","","","","","D1 PROFILE","","","","",""
"62501600000583","Nodes","583","21.000000","32.423704","DDS demands","Known Flow","229199.453524","643227.202238","","0.000000","","","","","","-18.350000","","","","","","-16.408899","-18.350000","","","","","","","","D1 PROFILE","","","","",""
"62501600000467","Nodes","467","21.000000","23.616888","DDS demands","Known Flow","229650.030615","643162.338070","","0.000000","","","","","","-5.119999","","","","","","-4.578395","-5.119999","","","","","","","","D1 PROFILE","","","","",""
"62501600000595","Nodes","595","21.000000","31.486948","DDS demands","Known Flow","230064.328759","642849.702135","","0.000000","","","","","","-10.419999","","","","","","-9.317750","-10.419999","","","","","","","","D1 PROFILE","","","","",""
"62501600000210","Nodes","210","21.000000","34.694858","DDS demands","Known Flow","230224.769813","643049.665238","","0.000000","","","","","","-11.230000","","","","","","-10.042066","-11.230000","","","","","","","","D1 PROFILE","","","","",""
"62501600000311","Nodes","311","21.000000","34.973463","DDS demands","Known Flow","229877.392708","643571.915331","","0.000000","","","","","","-15.789999","","","","","","-14.119700","-15.789999","","","","","","","","D1 PROFILE","","","","",""
"62501600000740","Nodes","740","21.000000","34.832763","Default Known Flow Node","Known Flow","229838.958698","643570.996331","","0.000000","","","","","","","","","","","","0.000000","0.000000","","","","","","","","","","","","",""
"62501600000192","Nodes","192","21.000000","39.967810","DDS demands","Known Flow","230295.926822","643559.648328","","0.000000","","","","","","-15.869999","","","","","","-14.191237","-15.869999","","","","","","","","D1 PROFILE","","","","",""
"62501600000194","Nodes","194","21.000000","39.236355","DDS demands","Known Flow","230215.159800","643581.051334","","0.000000","","","","","","-6.670000","","","","","","-5.964433","-6.670000","","","","","","","","D1 PROFILE","","","","",""
"62501600000578","Nodes","P10125410, Dalry Road, -71.4","25.000000","35.916636","CSEP DDS Matched","Known Flow","229840.671698","644311.343533","","0.000000","","","","","","","-71.360000","","","","","-63.811388","-71.360000","","","","","","","","","DC PROFILE","","","",""
"62501600000490","Nodes","490","21.000000","25.966716","DDS demands","Known Flow","231007.309876","643205.614896","","0.000000","","","","","","-3.960000","","","","","","-3.541102","-3.960000","","","","","","","","D1 PROFILE","","","","",""
"62501600000536","Nodes","536","21.000000","26.117932","DDS demands","Known Flow","231001.415014","643231.855239","","0.000000","","","","","","-10.289999","","","","","","-9.201502","-10.289999","","","","","","","","D1 PROFILE","","","","",""
"62501600000171","Nodes","171","21.000000","24.568132","DDS demands","Known Flow","231343.571107","643308.852260","","0.000000","","","","","","-9.260000","","","","","","-8.280457","-9.260000","","","","","","","","D1 PROFILE","","","","",""
"62501600000167","Nodes","167","21.000000","24.084889","DDS demands","Known Flow","231215.425072","643352.787272","","0.000000","","","","","","-15.970000","","","","","","-14.280660","-15.970000","","","","","","","","D1 PROFILE","","","","",""
"62501600000222","Nodes","222","21.000000","25.884778","DDS demands","Known Flow","231018.043985","643176.152878","","0.000000","","","","","","-2.019999","","","","","","-1.806320","-2.019999","","","","","","","","D1 PROFILE","","","","",""
"62501600000011","Nodes","","21.000000","25.478487","Default Known Flow Node","Known Flow","231178.636130","643280.685844","","0.000000","","","","","","","","","","","","0.000000","0.000000","","","","","","","","","","","","",""
"62501600000010","Nodes","","21.000000","25.478120","Default Known Flow Node","Known Flow","231179.709062","643281.216252","","0.000000","","","","","","","","","","","","0.000000","0.000000","","","","","","","","","","","","",""
"62501600000012","Nodes","-1462797","21.000000","34.593198","Default Known Flow Node","Known Flow","229796.578686","644162.452492","","0.000000","","","","","","","","","","","","0.000000","0.000000","","","","","","","","","","","","",""
"62501600000030","Nodes","","21.000000","33.694381","Default Known Flow Node","Known Flow","228887.472750","643239.714463","","0.000000","","","","","","","","","","","","0.000000","0.000000","","","","","","","","","","","","",""
"62501600000017","Nodes","","21.000000","34.084994","Default Known Flow Node","Known Flow","228785.806128","643232.783285","","0.000000","","","","","","","","","","","","0.000000","0.000000","","","","","","","","","","","","",""
"62501600000031","Nodes","","21.000000","33.066921","Default Known Flow Node","Known Flow","228844.070180","643112.040959","","0.000000","","","","","","","","","","","","0.000000","0.000000","","","","","","","","","","","","",""
"62501600000033","Nodes","","21.000000","32.982525","Default Known Flow Node","Known Flow","228818.618420","643104.056204","","0.000000","","","","","","","","","","","","0.000000","0.000000","","","","","","","","","","","","",""
"62501600000034","Nodes","","21.000000","32.986036","Default Known Flow Node","Known Flow","228812.451270","643103.789401","","0.000000","","","","","","","","","","","","0.000000","0.000000","","","","","","","","","","","","",""
"62501600000015","Nodes","","21.000000","34.074378","Default Known Flow Node","Known Flow","228791.960065","643230.991650","","0.000000","","","","","","","","","","","","0.000000","0.000000","","","","","","","","","","","","",""
"62501600000026","Nodes","","21.000000","34.084994","Default Known Flow Node","Known Flow","228784.722882","643241.418304","","0.000000","","","","","","","","","","","","0.000000","0.000000","","","","","","","","","","","","",""
"62501600000028","Nodes","","21.000000","34.084994","Default Known Flow Node","Known Flow","228804.873416","643242.199242","","0.000000","","","","","","","","","","","","0.000000","0.000000","","","","","","","","","","","","",""
"62501600000029","Nodes","","21.000000","34.084994","Default Known Flow Node","Known Flow","228814.207419","643242.448242","","0.000000","","","","","","","","","","","","0.000000","0.000000","","","","","","","","","","","","",""
"62501600000036","Nodes","","21.000000","36.282530","Default Known Flow Node","Known Flow","229931.535130","643939.359421","","0.000000","","","","","","","","","","","","0.000000","0.000000","","","","","","","","","","","","",""
"62501600000042","Nodes","","21.000000","40.301353","Default Known Flow Node","Known Flow","230293.177215","643838.416952","","0.000000","","","","","","","","","","","","0.000000","0.000000","","","","","","","","","","","","",""
"62501600000094","Nodes","","21.000000","28.920880","Default Known Flow Node","Known Flow","230958.596202","642467.334044","","0.000000","","","","","","","","","","","","0.000000","0.000000","","","","","","","","","","","","",""
"62501600000096","Nodes","","21.000000","35.010627","Default Known Flow Node","Known Flow","230775.832620","643384.892378","","0.000000","","","","","","","","","","","","0.000000","0.000000","","","","","","","","","","","","",""
"62501600000156","Nodes","","21.000000","27.965045","Default Known Flow Node","Known Flow","230927.104400","643200.453077","","0.000000","","","","","","","","","","","","0.000000","0.000000","","","","","","","","","","","","",""
"62501600004537","Nodes","","21.000000","26.978808","Default Known Flow Node","Known Flow","228909.012445","642762.614111","","0.000000","","","","","","","","","","","","0.000000","0.000000","","","","","","","","","","","","",""
"62501600004549","Nodes","","21.000000","26.870064","Default Known Flow Node","Known Flow","228974.334462","642791.653119","","0.000000","","","","","","","","","","","","0.000000","0.000000","","","","","","","","","","","","",""
"62501600004563","Nodes","","21.000000","26.978808","Default Known Flow Node","Known Flow","228909.936445","642762.307111","","0.000000","","","","","","","","","","","","0.000000","0.000000","","","","","","","","","","","","",""
"62501600004574","Nodes","","21.000000","33.066921","Default Known Flow Node","Known Flow","228875.903436","643102.490204","","0.000000","","","","","","","","","","","","0.000000","0.000000","","","","","","","","","","","","",""
"62501600004576","Nodes","","21.000000","34.287192","Default Known Flow Node","Known Flow","228745.842400","643187.020227","","0.000000","","","","","","","","","","","","0.000000","0.000000","","","","","","","","","","","","",""
"62501600004577","Nodes","","21.000000","34.283471","Default Known Flow Node","Known Flow","228744.762400","643187.200227","","0.000000","","","","","","","","","","","","0.000000","0.000000","","","","","","","","","","","","",""
"62501600004580","Nodes","","21.000000","33.551067","Default Known Flow Node","Known Flow","228905.919444","643265.231248","","0.000000","","","","","","","","","","","","0.000000","0.000000","","","","","","","","","","","","",""
"62501600004581","Nodes","","21.000000","33.551067","Default Known Flow Node","Known Flow","228904.919444","643265.223248","","0.000000","","","","","","","","","","","","0.000000","0.000000","","","","","","","","","","","","",""
"62501600004617","Nodes","","21.000000","33.323559","Default Known Flow Node","Known Flow","228841.779426","643178.212224","","0.000000","","","","","","","","","","","","0.000000","0.000000","","","","","","","","","","","","",""
"62501600004618","Nodes","","21.000000","33.332409","Default Known Flow Node","Known Flow","228839.827426","643178.132224","","0.000000","","","","","","","","","","","","0.000000","0.000000","","","","","","","","","","","","",""
"62501600004623","Nodes","","21.000000","29.000000","Default Known Flow Node","Known Flow","228773.813408","643447.470297","","0.000000","","","","","","","","","","","","0.000000","0.000000","","","","","","","","","","","","",""
"62501600004624","Nodes","","21.000000","28.869596","Default Known Flow Node","Known Flow","228775.652408","643447.819298","","0.000000","","","","","","","","","","","","0.000000","0.000000","","","","","","","","","","","","",""
"62501600004630","Nodes","","21.000000","33.909444","Default Known Flow Node","Known Flow","228828.209423","643237.281240","","0.000000","","","","","","","","","","","","0.000000","0.000000","","","","","","","","","","","","",""
"62501600004654","Nodes","","21.000000","28.926839","Default Known Flow Node","Known Flow","228727.060395","643467.721303","","0.000000","","","","","","","","","","","","0.000000","0.000000","","","","","","","","","","","","",""
"62501600004655","Nodes","","21.000000","28.984646","Default Known Flow Node","Known Flow","228729.841396","643466.682303","","0.000000","","","","","","","","","","","","0.000000","0.000000","","","","","","","","","","","","",""
"62501600004673","Nodes","","21.000000","34.084994","Default Known Flow Node","Known Flow","228786.327411","643241.520241","","0.000000","","","","","","","","","","","","0.000000","0.000000","","","","","","","","","","","","",""
"62501600004661","Nodes","","21.000000","29.000000","Default Known Flow Node","Known Flow","228772.471408","643448.035298","","0.000000","","","","","","","","","","","","0.000000","0.000000","","","","","","","","","","","","",""
"62501600004681","Nodes","","21.000000","33.051685","Default Known Flow Node","Known Flow","228800.616415","643111.241206","","0.000000","","","","","","","","","","","","0.000000","0.000000","","","","","","","","","","","","",""
"62501600004685","Nodes","","21.000000","34.066525","Default Known Flow Node","Known Flow","228791.657413","643229.831238","","0.000000","","","","","","","","","","","","0.000000","0.000000","","","","","","","","","","","","",""
"62501600004689","Nodes","","21.000000","33.361353","Default Known Flow Node","Known Flow","228835.413425","643177.970224","","0.000000","","","","","","","","","","","","0.000000","0.000000","","","","","","","","","","","","",""
"62501600004706","Nodes","","21.000000","33.160219","Default Known Flow Node","Known Flow","228607.304623","643282.532006","","0.000000","","","","","","","","","","","","0.000000","0.000000","","","","","","","","","","","","",""
"62501600004707","Nodes","","21.000000","33.160219","Default Known Flow Node","Known Flow","228612.957364","643302.167258","","0.000000","","","","","","","","","","","","0.000000","0.000000","","","","","","","","","","","","",""
"62501600004595","Nodes","","21.000000","33.592841","Default Known Flow Node","Known Flow","228903.108443","643263.990248","","0.000000","","","","","","","","","","","","0.000000","0.000000","","","","","","","","","","","","",""
"62501600004727","Nodes","","21.000000","33.889695","Default Known Flow Node","Known Flow","228692.078386","643159.577219","","0.000000","","","","","","","","","","","","0.000000","0.000000","","","","","","","","","","","","",""
"62501600004733","Nodes","","21.000000","32.988973","Default Known Flow Node","Known Flow","228813.348419","643103.828204","","0.000000","","","","","","","","","","","","0.000000","0.000000","","","","","","","","","","","","",""
"62501600004747","Nodes","","21.000000","34.353934","Default Known Flow Node","Known Flow","228768.604406","643176.430224","","0.000000","","","","","","","","","","","","0.000000","0.000000","","","","","","","","","","","","",""
"62501600004755","Nodes","Logger 3 Glenbervie Drive","21.000000","34.213429","Val Log Cath","Known Flow","228763.786405","643232.829239","","0.000000","","","","","","","","","","","","0.000000","0.000000","","","","","","","","","","","","",""
"62501600004756","Nodes","","21.000000","34.084751","Default Known Flow Node","Known Flow","228789.950412","643231.559239","","0.000000","","","","","","","","","","","","0.000000","0.000000","","","","","","","","","","","","",""
"62501600004686","Nodes","","21.000000","34.082129","Default Known Flow Node","Known Flow","228791.337413","643231.607239","","0.000000","","","","","","","","","","","","0.000000","0.000000","","","","","","","","","","","","",""
"62501600004780","Nodes","","21.000000","33.701891","Default Known Flow Node","Known Flow","228884.707438","643239.193241","","0.000000","","","","","","","","","","","","0.000000","0.000000","","","","","","","","","","","","",""
"62501600004996","Nodes","","21.000000","23.249093","Default Known Flow Node","Known Flow","229445.370709","642900.862370","","0.000000","","","","","","","","","","","","0.000000","0.000000","","","","","","","","","","","","",""
"62501600004977","Nodes","","21.000000","29.559458","Default Known Flow Node","Known Flow","229408.121580","643278.618252","","0.000000","","","","","","","","","","","","0.000000","0.000000","","","","","","","","","","","","",""
"62501600004997","Nodes","","21.000000","23.249093","Default Known Flow Node","Known Flow","229444.779590","642899.736148","","0.000000","","","","","","","","","","","","0.000000","0.000000","","","","","","","","","","","","",""
"62501600005012","Nodes","","21.000000","32.989760","Default Known Flow Node","Known Flow","229245.110536","643628.341347","","0.000000","","","","","","","","","","","","0.000000","0.000000","","","","","","","","","","","","",""
"62501600005021","Nodes","","21.000000","32.989760","Default Known Flow Node","Known Flow","229245.270536","643629.440347","","0.000000","","","","","","","","","","","","0.000000","0.000000","","","","","","","","","","","","",""
"62501600005043","Nodes","","21.000000","32.946677","Default Known Flow Node","Known Flow","229271.042543","643612.024342","","0.000000","","","","","","","","","","","","0.000000","0.000000","","","","","","","","","","","","",""
"62501600005045","Nodes","","21.000000","32.766853","Default Known Flow Node","Known Flow","229184.989520","643539.438322","","0.000000","","","","","","","","","","","","0.000000","0.000000","","","","","","","","","","","","",""
"62501600005046","Nodes","","21.000000","32.770139","Default Known Flow Node","Known Flow","229185.803520","643538.868322","","0.000000","","","","","","","","","","","","0.000000","0.000000","","","","","","","","","","","","",""
"62501600005116","Nodes","","21.000000","33.982412","Default Known Flow Node","Known Flow","229291.636622","643569.467271","","0.000000","","","","","","","","","","","","0.000000","0.000000","","","","","","","","","","","","",""
"62501600005022","Nodes","","21.000000","32.989760","Default Known Flow Node","Known Flow","229230.763532","643639.253350","","0.000000","","","","","","","","","","","","0.000000","0.000000","","","","","","","","","","","","",""
"62501600005072","Nodes","","21.000000","32.989760","Default Known Flow Node","Known Flow","229228.278532","643640.934350","","0.000000","","","","","","","","","","","","0.000000","0.000000","","","","","","","","","","","","",""
"62501600005077","Nodes","","21.000000","32.989760","Default Known Flow Node","Known Flow","229248.583537","643627.198346","","0.000000","","","","","","","","","","","","0.000000","0.000000","","","","","","","","","","","","",""
"62501600005067","Nodes","","21.000000","33.982412","Default Known Flow Node","Known Flow","229292.549549","643568.532330","","0.000000","","","","","","","","","","","","0.000000","0.000000","","","","","","","","","","","","",""
"62501600005204","Nodes","","21.000000","33.781274","Default Known Flow Node","Known Flow","230247.810809","643180.877225","","0.000000","","","","","","","","","","","","0.000000","0.000000","","","","","","","","","","","","",""
"62501600005271","Nodes","","21.000000","38.382213","Default Known Flow Node","Known Flow","230275.578816","643371.952277","","0.000000","","","","","","","","","","","","0.000000","0.000000","","","","","","","","","","","","",""
"62501600005319","Nodes","","21.000000","33.673257","Default Known Flow Node","Known Flow","230216.920277","643169.138339","","0.000000","","","","","","","","","","","","0.000000","0.000000","","","","","","","","","","","","",""
"62501600005205","Nodes","","21.000000","33.678255","Default Known Flow Node","Known Flow","230216.122800","643168.352221","","0.000000","","","","","","","","","","","","0.000000","0.000000","","","","","","","","","","","","",""
"62501600005334","Nodes","","21.000000","37.523928","Default Known Flow Node","Known Flow","230250.936810","643301.402258","","0.000000","","","","","","","","","","","","0.000000","0.000000","","","","","","","","","","","","",""
"62501600005341","Nodes","","21.000000","39.783305","Default Known Flow Node","Known Flow","230219.701801","643753.356381","","0.000000","","","","","","","","","","","","0.000000","0.000000","","","","","","","","","","","","",""
"62501600005491","Nodes","","21.000000","39.783301","Default Known Flow Node","Known Flow","230221.163323","643753.449166","","0.000000","","","","","","","","","","","","0.000000","0.000000","","","","","","","","","","","","",""
"62501600005344","Nodes","","21.000000","39.831256","Default Known Flow Node","Known Flow","230203.466797","643792.005391","","0.000000","","","","","","","","","","","","0.000000","0.000000","","","","","","","","","","","","",""
"62501600005345","Nodes","","21.000000","36.481722","Default Known Flow Node","Known Flow","229970.134733","643938.894431","","0.000000","","","","","","","","","","","","0.000000","0.000000","","","","","","","","","","","","",""
"62501600005346","Nodes","","21.000000","36.523003","Default Known Flow Node","Known Flow","229979.505736","643939.754431","","0.000000","","","","","","","","","","","","0.000000","0.000000","","","","","","","","","","","","",""
"62501600005369","Nodes","","21.000000","39.825868","Default Known Flow Node","Known Flow","230206.888798","643788.800390","","0.000000","","","","","","","","","","","","0.000000","0.000000","","","","","","","","","","","","",""
"62501600005370","Nodes","","21.000000","39.783305","Default Known Flow Node","Known Flow","230215.703800","643753.077381","","0.000000","","","","","","","","","","","","0.000000","0.000000","","","","","","","","","","","","",""
"62501600005373","Nodes","","21.000000","40.302598","Default Known Flow Node","Known Flow","230280.294818","643832.119402","","0.000000","","","","","","","","","","","","0.000000","0.000000","","","","","","","","","","","","",""
"62501600005374","Nodes","","21.000000","40.341820","Default Known Flow Node","Known Flow","230292.003821","643833.012402","","0.000000","","","","","","","","","","","","0.000000","0.000000","","","","","","","","","","","","",""
"62501600005375","Nodes","","21.000000","39.829925","Default Known Flow Node","Known Flow","230202.499797","643791.749391","","0.000000","","","","","","","","","","","","0.000000","0.000000","","","","","","","","","","","","",""
"62501600005376","Nodes","","21.000000","40.337143","Default Known Flow Node","Known Flow","230301.034757","643833.416647","","0.000000","","","","","","","","","","","","0.000000","0.000000","","","","","","","","","","","","",""
"62501600005377","Nodes","","21.000000","40.332006","Default Known Flow Node","Known Flow","230301.323823","643831.309402","","0.000000","","","","","","","","","","","","0.000000","0.000000","","","","","","","","","","","","",""
"62501600005391","Nodes","","21.000000","36.309386","Default Known Flow Node","Known Flow","229931.254723","643933.319430","","0.000000","","","","","","","","","","","","0.000000","0.000000","","","","","","","","","","","","",""
"62501600005394","Nodes","","21.000000","38.097615","Default Known Flow Node","Known Flow","230187.307792","643952.202435","","0.000000","","","","","","","","","","","","0.000000","0.000000","","","","","","","","","","","","",""
"62501600005395","Nodes","","21.000000","39.393297","Default Known Flow Node","Known Flow","230255.242811","643949.391434","","0.000000","","","","","","","","","","","","0.000000","0.000000","","","","","","","","","","","","",""
"62501600005398","Nodes","","21.000000","39.429913","Default Known Flow Node","Known Flow","230256.984811","643948.408434","","0.000000","","","","","","","","","","","","0.000000","0.000000","","","","","","","","","","","","",""
"62501600005400","Nodes","","21.000000","39.457661","Default Known Flow Node","Known Flow","230284.654819","643940.470432","","0.000000","","","","","","","","","","","","0.000000","0.000000","","","","","","","","","","","","",""
"62501600005407","Nodes","","21.000000","39.732827","Default Known Flow Node","Known Flow","230244.656808","643755.764381","","0.000000","","","","","","","","","","","","0.000000","0.000000","","","","","","","","","","","","",""
"62501600005503","Nodes","","21.000000","40.178418","Default Known Flow Node","Known Flow","230258.605812","643809.474396","","0.000000","","","","","","","","","","","","0.000000","0.000000","","","","","","","","","","","","",""
"62501600005416","Nodes","","21.000000","39.464812","Default Known Flow Node","Known Flow","230284.716819","643939.442431","","0.000000","","","","","","","","","","","","0.000000","0.000000","","","","","","","","","","","","",""
"62501600005426","Nodes","","21.000000","39.504342","Default Known Flow Node","Known Flow","230189.438793","643849.914407","","0.000000","","","","","","","","","","","","0.000000","0.000000","","","","","","","","","","","","",""
"62501600005427","Nodes","","21.000000","36.305092","Default Known Flow Node","Known Flow","229931.184460","643934.295338","","0.000000","","","","","","","","","","","","0.000000","0.000000","","","","","","","","","","","","",""
"62501600005428","Nodes","","21.000000","40.362273","Default Known Flow Node","Known Flow","230293.258821","643823.827400","","0.000000","","","","","","","","","","","","0.000000","0.000000","","","","","","","","","","","","",""
"62501600005429","Nodes","","21.000000","39.944915","Default Known Flow Node","Known Flow","230196.192795","643821.530399","","0.000000","","","","","","","","","","","","0.000000","0.000000","","","","","","","","","","","","",""
"62501600005436","Nodes","","21.000000","39.801897","Default Known Flow Node","Known Flow","230220.303801","643751.799380","","0.000000","","","","","","","","","","","","0.000000","0.000000","","","","","","","","","","","","",""
"62501600005417","Nodes","","21.000000","40.241513","Default Known Flow Node","Known Flow","230292.177821","643846.982406","","0.000000","","","","","","","","","","","","0.000000","0.000000","","","","","","","","","","","","",""
"62501600005440","Nodes","","21.000000","40.340760","Default Known Flow Node","Known Flow","230293.288821","643833.086402","","0.000000","","","","","","","","","","","","0.000000","0.000000","","","","","","","","","","","","",""
"62501600005477","Nodes","","21.000000","40.340143","Default Known Flow Node","Known Flow","230294.220806","643833.124039","","0.000000","","","","","","","","","","","","0.000000","0.000000","","","","","","","","","","","","",""
"62501600005342","Nodes","","21.000000","39.781111","Default Known Flow Node","Known Flow","230222.174802","643753.513381","","0.000000","","","","","","","","","","","","0.000000","0.000000","","","","","","","","","","","","",""
"62501600005449","Nodes","","21.000000","36.331418","Default Known Flow Node","Known Flow","229918.214812","644047.130243","","0.000000","","","","","","","","","","","","0.000000","0.000000","","","","","","","","","","","","",""
"62501600005458","Nodes","","21.000000","38.077186","Default Known Flow Node","Known Flow","230186.203792","643952.049435","","0.000000","","","","","","","","","","","","0.000000","0.000000","","","","","","","","","","","","",""
"62501600005459","Nodes","","21.000000","37.806980","Default Known Flow Node","Known Flow","230176.436789","643954.352435","","0.000000","","","","","","","","","","","","0.000000","0.000000","","","","","","","","","","","","",""
"62501600005460","Nodes","","21.000000","40.340731","Default Known Flow Node","Known Flow","230293.399821","643831.808402","","0.000000","","","","","","","","","","","","0.000000","0.000000","","","","","","","","","","","","",""
"62501600005465","Nodes","","21.000000","40.372613","Default Known Flow Node","Known Flow","230293.692821","643822.327399","","0.000000","","","","","","","","","","","","0.000000","0.000000","","","","","","","","","","","","",""
"62501600005473","Nodes","","21.000000","36.700455","Default Known Flow Node","Known Flow","230019.955747","643934.525430","","0.000000","","","","","","","","","","","","0.000000","0.000000","","","","","","","","","","","","",""
"62501600005481","Nodes","","21.000000","39.979913","Default Known Flow Node","Known Flow","230196.956795","643822.537400","","0.000000","","","","","","","","","","","","0.000000","0.000000","","","","","","","","","","","","",""
"62501600005484","Nodes","","21.000000","40.220940","Default Known Flow Node","Known Flow","230255.983811","643829.494401","","0.000000","","","","","","","","","","","","0.000000","0.000000","","","","","","","","","","","","",""
"62501600005485","Nodes","","21.000000","38.711917","Default Known Flow Node","Known Flow","230180.182791","643896.854420","","0.000000","","","","","","","","","","","","0.000000","0.000000","","","","","","","","","","","","",""
"62501600005488","Nodes","","21.000000","40.337143","Default Known Flow Node","Known Flow","230303.525824","643833.522402","","0.000000","","","","","","","","","","","","0.000000","0.000000","","","","","","","","","","","","",""
"62501600005478","Nodes","","21.000000","40.255387","Default Known Flow Node","Known Flow","230292.415821","643844.997406","","0.000000","","","","","","","","","","","","0.000000","0.000000","","","","","","","","","","","","",""
"62501600005507","Nodes","","21.000000","36.759732","Default Known Flow Node","Known Flow","230102.776769","643957.806436","","0.000000","","","","","","","","","","","","0.000000","0.000000","","","","","","","","","","","","",""
"62501600005513","Nodes","","21.000000","37.105526","Default Known Flow Node","Known Flow","230103.020770","643948.997434","","0.000000","","","","","","","","","","","","0.000000","0.000000","","","","","","","","","","","","",""
"62501600005528","Nodes","","21.000000","36.933169","Default Known Flow Node","Known Flow","230102.171010","643953.868477","","0.000000","","","","","","","","","","","","0.000000","0.000000","","","","","","","","","","","","",""
"62501600005526","Nodes","","21.000000","40.332006","Default Known Flow Node","Known Flow","230298.448823","643830.886402","","0.000000","","","","","","","","","","","","0.000000","0.000000","","","","","","","","","","","","",""
"62501600005529","Nodes","","21.000000","36.933169","Default Known Flow Node","Known Flow","230078.906763","643952.634435","","0.000000","","","","","","","","","","","","0.000000","0.000000","","","","","","","","","","","","",""
"62501600005531","Nodes","","21.000000","39.732827","Default Known Flow Node","Known Flow","230245.696808","643755.884381","","0.000000","","","","","","","","","","","","0.000000","0.000000","","","","","","","","","","","","",""
"62501600005564","Nodes","","21.000000","29.610733","Default Known Flow Node","Known Flow","230885.809982","642702.780095","","0.000000","","","","","","","","","","","","0.000000","0.000000","","","","","","","","","","","","",""
"62501600005565","Nodes","","21.000000","28.522533","Default Known Flow Node","Known Flow","230935.358996","642506.945042","","0.000000","","","","","","","","","","","","0.000000","0.000000","","","","","","","","","","","","",""
"62501600005566","Nodes","","21.000000","28.479263","Default Known Flow Node","Known Flow","230914.367990","642501.243040","","0.000000","","","","","","","","","","","","0.000000","0.000000","","","","","","","","","","","","",""
"62501600005577","Nodes","","21.000000","29.182363","Default Known Flow Node","Known Flow","230891.563984","642676.175088","","0.000000","","","","","","","","","","","","0.000000","0.000000","","","","","","","","","","","","",""
"62501600005578","Nodes","","21.000000","29.268174","Default Known Flow Node","Known Flow","230884.481982","642701.366094","","0.000000","","","","","","","","","","","","0.000000","0.000000","","","","","","","","","","","","",""
"62501600005579","Nodes","","21.000000","28.527787","Default Known Flow Node","Known Flow","230936.873996","642509.016042","","0.000000","","","","","","","","","","","","0.000000","0.000000","","","","","","","","","","","","",""
"62501600005582","Nodes","","21.000000","29.154738","Default Known Flow Node","Known Flow","230882.755982","642701.936095","","0.000000","","","","","","","","","","","","0.000000","0.000000","","","","","","","","","","","","",""
"62501600005585","Nodes","","21.000000","31.552745","Default Known Flow Node","Known Flow","230952.258220","642721.607107","","0.000000","","","","","","","","","","","","0.000000","0.000000","","","","","","","","","","","","",""
"62501600005598","Nodes","","21.000000","28.415656","Default Known Flow Node","Known Flow","230925.175993","643237.147240","","0.000000","","","","","","","","","","","","0.000000","0.000000","","","","","","","","","","","","",""
"62501600005642","Nodes","","21.000000","32.885090","Default Known Flow Node","Known Flow","230909.178517","642916.534294","","0.000000","","","","","","","","","","","","0.000000","0.000000","","","","","","","","","","","","",""
"62501600005622","Nodes","","21.000000","28.129442","Default Known Flow Node","Known Flow","230921.572239","643203.409984","","0.000000","","","","","","","","","","","","0.000000","0.000000","","","","","","","","","","","","",""
"62501600005668","Nodes","","21.000000","35.299174","Default Known Flow Node","Known Flow","230661.716749","643304.949887","","0.000000","","","","","","","","","","","","0.000000","0.000000","","","","","","","","","","","","",""
"62501600005679","Nodes","","21.000000","42.237741","Default Known Flow Node","Known Flow","230471.293545","643404.427282","","0.000000","","","","","","","","","","","","0.000000","0.000000","","","","","","","","","","","","",""
"62501600005680","Nodes","","21.000000","42.222145","Default Known Flow Node","Known Flow","230470.864870","643405.442286","","0.000000","","","","","","","","","","","","0.000000","0.000000","","","","","","","","","","","","",""
"62501600005681","Nodes","","21.000000","42.199538","Default Known Flow Node","Known Flow","230470.240869","643406.920286","","0.000000","","","","","","","","","","","","0.000000","0.000000","","","","","","","","","","","","",""
"62501600005685","Nodes","","21.000000","42.248964","Default Known Flow Node","Known Flow","230473.318905","643403.539699","","0.000000","","","","","","","","","","","","0.000000","0.000000","","","","","","","","","","","","",""
"62501600005683","Nodes","","21.000000","41.783178","Default Known Flow Node","Known Flow","230475.203871","643398.827284","","0.000000","","","","","","","","","","","","0.000000","0.000000","","","","","","","","","","","","",""
"62501600005684","Nodes","","21.000000","42.205238","Default Known Flow Node","Known Flow","230471.955870","643402.858285","","0.000000","","","","","","","","","","","","0.000000","0.000000","","","","","","","","","","","","",""
"62501600005691","Nodes","","21.000000","42.178571","Default Known Flow Node","Known Flow","230468.677063","643410.616743","","0.000000","","","","","","","","","","","","0.000000","0.000000","","","","","","","","","","","","",""
"62501600005699","Nodes","","21.000000","42.081819","Default Known Flow Node","Known Flow","230450.224617","643438.740048","","0.000000","","","","","","","","","","","","0.000000","0.000000","","","","","","","","","","","","",""
"62501600005700","Nodes","","21.000000","41.819096","Default Known Flow Node","Known Flow","230433.110859","643478.011306","","0.000000","","","","","","","","","","","","0.000000","0.000000","","","","","","","","","","","","",""
"62501600005778","Nodes","","21.000000","40.527376","Default Known Flow Node","Known Flow","230377.874844","643647.144352","","0.000000","","","","","","","","","","","","0.000000","0.000000","","","","","","","","","","","","",""
"62501600005530","Nodes","","21.000000","40.537992","Default Known Flow Node","Known Flow","230369.526842","643646.275352","","0.000000","","","","","","","","","","","","0.000000","0.000000","","","","","","","","","","","","",""
"62501600005779","Nodes","","21.000000","40.729153","Default Known Flow Node","Known Flow","230391.197848","643614.786343","","0.000000","","","","","","","","","","","","0.000000","0.000000","","","","","","","","","","","","",""
"62501600005783","Nodes","","21.000000","40.533060","Default Known Flow Node","Known Flow","230379.288845","643647.641352","","0.000000","","","","","","","","","","","","0.000000","0.000000","","","","","","","","","","","","",""
"62501600005787","Nodes","","21.000000","40.810560","Default Known Flow Node","Known Flow","230398.280850","643597.964338","","0.000000","","","","","","","","","","","","0.000000","0.000000","","","","","","","","","","","","",""
"62501600005788","Nodes","","21.000000","40.537375","Default Known Flow Node","Known Flow","230382.128845","643647.155352","","0.000000","","","","","","","","","","","","0.000000","0.000000","","","","","","","","","","","","",""
"62501600005511","Nodes","","21.000000","41.364748","Default Known Flow Node","Known Flow","230415.167854","643540.096323","","0.000000","","","","","","","","","","","","0.000000","0.000000","","","","","","","","","","","","",""
"62501600005800","Nodes","","21.000000","41.417987","Default Known Flow Node","Known Flow","230416.564681","643541.650011","","0.000000","","","","","","","","","","","","0.000000","0.000000","","","","","","","","","","","","",""
"62501600005796","Nodes","","21.000000","40.776126","Default Known Flow Node","Known Flow","230395.866849","643605.288340","","0.000000","","","","","","","","","","","","0.000000","0.000000","","","","","","","","","","","","",""
"62501600005799","Nodes","","21.000000","40.473911","Default Known Flow Node","Known Flow","230403.400851","643652.838353","","0.000000","","","","","","","","","","","","0.000000","0.000000","","","","","","","","","","","","",""
"62501600005804","Nodes","","21.000000","40.462359","Default Known Flow Node","Known Flow","230405.282133","643654.849728","","0.000000","","","","","","","","","","","","0.000000","0.000000","","","","","","","","","","","","",""
"62501600005803","Nodes","","21.000000","40.462359","Default Known Flow Node","Known Flow","230403.497851","643654.549354","","0.000000","","","","","","","","","","","","0.000000","0.000000","","","","","","","","","","","","",""
"62501600005820","Nodes","","21.000000","31.661368","Default Known Flow Node","Known Flow","231002.098212","642537.303445","","0.000000","","","","","","","","","","","","0.000000","0.000000","","","","","","","","","","","","",""
"62501600005821","Nodes","","21.000000","31.696199","Default Known Flow Node","Known Flow","231002.351640","642536.334748","","0.000000","","","","","","","","","","","","0.000000","0.000000","","","","","","","","","","","","",""
"62501600005824","Nodes","","21.000000","28.522533","Default Known Flow Node","Known Flow","230937.283996","642507.468042","","0.000000","","","","","","","","","","","","0.000000","0.000000","","","","","","","","","","","","",""
"62501600005825","Nodes","","21.000000","28.501543","Default Known Flow Node","Known Flow","230938.918997","642501.282040","","0.000000","","","","","","","","","","","","0.000000","0.000000","","","","","","","","","","","","",""
"62501600005826","Nodes","","21.000000","31.552881","Default Known Flow Node","Known Flow","230952.722001","642719.801099","","0.000000","","","","","","","","","","","","0.000000","0.000000","","","","","","","","","","","","",""
"62501600005827","Nodes","","21.000000","31.553924","Default Known Flow Node","Known Flow","230953.183001","642718.041099","","0.000000","","","","","","","","","","","","0.000000","0.000000","","","","","","","","","","","","",""
"62501600005830","Nodes","","21.000000","31.703999","Default Known Flow Node","Known Flow","231010.176016","642538.364050","","0.000000","","","","","","","","","","","","0.000000","0.000000","","","","","","","","","","","","",""
"62501600005831","Nodes","","21.000000","28.496620","Default Known Flow Node","Known Flow","230939.301997","642499.831040","","0.000000","","","","","","","","","","","","0.000000","0.000000","","","","","","","","","","","","",""
"62501600005834","Nodes","","21.000000","28.495703","Default Known Flow Node","Known Flow","230937.862694","642499.408961","","0.000000","","","","","","","","","","","","0.000000","0.000000","","","","","","","","","","","","",""
"62501600006005","Nodes","","21.000000","22.846312","Default Known Flow Node","Known Flow","231404.959124","643472.696304","","0.000000","","","","","","","","","","","","0.000000","0.000000","","","","","","","","","","","","",""
"62501600005945","Nodes","","21.000000","23.157636","Default Known Flow Node","Known Flow","231374.646115","643408.515287","","0.000000","","","","","","","","","","","","0.000000","0.000000","","","","","","","","","","","","",""
"62501600005971","Nodes","P13133127, REDSTONE AVENUE CSEP, 33.41 SCMH","24.000000","23.958734","CSEP Unmatched","Known Flow","231148.193054","643553.075326","","0.000000","","","","","","","","","","","-33.409999","-29.875818","-33.409999","","","","","","","","","","","","","PL-DC PROFILE"
"62501600005972","Nodes","","21.000000","23.958734","Default Known Flow Node","Known Flow","231233.549077","643561.098328","","0.000000","","","","","","","","","","","","0.000000","0.000000","","","","","","","","","","","","",""
"62501600006006","Nodes","","21.000000","22.933953","Default Known Flow Node","Known Flow","231438.620133","643481.537307","","0.000000","","","","","","","","","","","","0.000000","0.000000","","","","","","","","","","","","",""
"62501600004674","Nodes","","21.000000","34.084994","Default Known Flow Node","Known Flow","228787.448412","643232.365239","","0.000000","","","","","","","","","","","","0.000000","0.000000","","","","","","","","","","","","",""
"62501600004741","Nodes","","21.000000","34.128054","Default Known Flow Node","Known Flow","228773.832408","643240.996241","","0.000000","","","","","","","","","","","","0.000000","0.000000","","","","","","","","","","","","",""
"62501600005512","Nodes","","21.000000","40.200996","Default Known Flow Node","Known Flow","230250.052810","643828.791401","","0.000000","","","","","","","","","","","","0.000000","0.000000","","","","","","","","","","","","",""
"62501600006009","Nodes","","21.000000","42.199538","Default Known Flow Node","Known Flow","230471.631996","643402.368242","","0.000000","","","","","","","","","","","","0.000000","0.000000","","","","","","","","","","","","",""
"62501600006012","Nodes","","21.000000","31.662804","Default Known Flow Node","Known Flow","231002.894332","642535.444083","","0.000000","","","","","","","","","","","","0.000000","0.000000","","","","","","","","","","","","",""
"62501600006015","Nodes","","21.000000","31.696199","Default Known Flow Node","Known Flow","231002.641917","642536.410472","","0.000000","","","","","","","","","","","","0.000000","0.000000","","","","","","","","","","","","",""
"62501600006011","Nodes","","21.000000","31.696199","Default Known Flow Node","Known Flow","231002.110424","642537.301494","","0.000000","","","","","","","","","","","","0.000000","0.000000","","","","","","","","","","","","",""
"62501600000032","Nodes","","21.000000","33.978454","Default Known Flow Node","Known Flow","228699.525957","643196.346578","","0.000000","","","","","","","","","","","","0.000000","0.000000","","","","","","","","","","","","",""
"62501600000101","Nodes","","21.000000","25.952858","Default Known Flow Node","Known Flow","229001.022310","643689.463504","","0.000000","","","","","","","","","","","","0.000000","0.000000","","","","","","","","","","","","",""
"62501600000065","Nodes","","21.000000","25.226446","Default Known Flow Node","Known Flow","229005.711910","643686.836213","","0.000000","","","","","","","","","","","","0.000000","0.000000","","","","","","","","","","","","",""
"62501600000103","Nodes","","21.000000","25.949441","Default Known Flow Node","Known Flow","229002.211945","643689.405171","","0.000000","","","","","","","","","","","","0.000000","0.000000","","","","","","","","","","","","",""
"62501600000118","Nodes","","21.000000","23.768807","Default Known Flow Node","Known Flow","229552.163731","643207.562204","","0.000000","","","","","","","","","","","","0.000000","0.000000","","","","","","","","","","","","",""
"62501600000137","Nodes","","21.000000","34.694862","Default Known Flow Node","Known Flow","230224.441509","643049.533090","","0.000000","","","","","","","","","","","","0.000000","0.000000","","","","","","","","","","","","",""
"62501600000139","Nodes","","21.000000","34.717189","Default Known Flow Node","Known Flow","230231.163030","643041.161339","","0.000000","","","","","","","","","","","","0.000000","0.000000","","","","","","","","","","","","",""
"62501600000179","Nodes","","21.000000","26.824337","Default Known Flow Node","Known Flow","228976.418683","642791.982644","","0.000000","","","","","","","","","","","","0.000000","0.000000","","","","","","","","","","","","",""
"62501600000176","Nodes","","21.000000","26.993321","Default Known Flow Node","Known Flow","230998.972613","643278.784691","","0.000000","","","","","","","","","","","","0.000000","0.000000","","","","","","","","","","","","",""
"62501600000148","Nodes","","21.000000","27.824273","Default Known Flow Node","Known Flow","231000.389245","643324.060691","","0.000000","","","","","","","","","","","","0.000000","0.000000","","","","","","","","","","","","",""
"62501600000164","Nodes","","21.000000","27.763591","Default Known Flow Node","Known Flow","231000.149679","643320.747108","","0.000000","","","","","","","","","","","","0.000000","0.000000","","","","","","","","","","","","",""
"62501600000178","Nodes","","21.000000","26.816997","Default Known Flow Node","Known Flow","230999.607214","643269.160575","","0.000000","","","","","","","","","","","","0.000000","0.000000","","","","","","","","","","","","",""
"62501600000027","Nodes","","21.000000","40.766082","Default Known Flow Node","Known Flow","230293.510861","643830.967108","","0.000000","","","","","","","","","","","","0.000000","0.000000","","","","","","","","","","","","",""
"62501600000049","Nodes","49","21.000000","42.437299","DDS demands","Known Flow","230470.954611","643405.234125","","0.000000","","","","","","-3.029999","","","","","","-2.709480","-3.029999","","","","","","","","D1 PROFILE","","","","",""
"62501600000120","Nodes","","21.000000","40.730316","Default Known Flow Node","Known Flow","230392.511098","643614.983318","","0.000000","","","","","","","","","","","","0.000000","0.000000","","","","","","","","","","","","",""
"62501600000174","Nodes","","21.000000","34.810411","Default Known Flow Node","Known Flow","229797.133238","643580.868904","","0.000000","","","","","","","","","","","","0.000000","0.000000","","","","","","","","","","","","",""
"62501600000182","Nodes","182","21.000000","36.110732","DDS demands","Known Flow","229917.563862","644047.009979","","0.000000","","","","","","-16.679999","","","","","","-14.915554","-16.679999","","","","","","","","D1 PROFILE","","","","",""
"62501600000166","Nodes","","21.000000","36.285353","Default Known Flow Node","Known Flow","229931.606395","643935.739501","","0.000000","","","","","","","","","","","","0.000000","0.000000","","","","","","","","","","","","",""
"62501600000184","Nodes","184","21.000000","32.078440","DDS demands","Known Flow","230853.047687","643579.926439","","0.000000","","","","","","-5.420000","","","","","","-4.846660","-5.420000","","","","","","","","D1 PROFILE","","","","",""
"62501600000145","Nodes","","21.000000","25.759450","Default Known Flow Node","Known Flow","229097.441032","643809.335366","","0.000000","","","","","","","","","","","","0.000000","0.000000","","","","","","","","","","","","",""
"62501600000146","Nodes","","21.000000","33.678255","Default Known Flow Node","Known Flow","230217.065429","643168.636314","","0.000000","","","","","","","","","","","","0.000000","0.000000","","","","","","","","","","","","",""
"62501600000172","Nodes","","21.000000","36.302959","Default Known Flow Node","Known Flow","229932.069518","643934.359344","","0.000000","","","","","","","","","","","","0.000000","0.000000","","","","","","","","","","","","",""
"62501600000173","Nodes","","21.000000","36.289557","Default Known Flow Node","Known Flow","229932.045549","643935.761268","","0.000000","","","","","","","","","","","","0.000000","0.000000","","","","","","","","","","","","",""
"62501600002124","Nodes","","21.000000","34.150585","Default Known Flow Node","Known Flow","228699.834073","643197.641805","","0.000000","","","","","","","","","","","","0.000000","0.000000","","","","","","","","","","","","",""
"62501600002104","Nodes","","21.000000","33.689381","Default Known Flow Node","Known Flow","228784.806411","643306.452259","","0.000000","","","","","","","","","","","","0.000000","0.000000","","","","","","","","","","","","",""
"62501600001942","Nodes","","21.000000","26.878294","Default Known Flow Node","Known Flow","228963.641816","642771.676227","","0.000000","","","","","","","","","","","","0.000000","0.000000","","","","","","","","","","","","",""
"62501600000261","Nodes","261","21.000000","26.815762","DDS demands","Known Flow","228993.228874","642743.272624","","0.000000","","","","","","-6.659999","","","","","","-5.955491","-6.659999","","","","","","","","D1 PROFILE","","","","",""
"62501600000262","Nodes","262","21.000000","26.868022","DDS demands","Known Flow","228974.748137","642792.442181","","0.000000","","","","","","-6.179999","","","","","","-5.526266","-6.179999","","","","","","","","D1 PROFILE","","","","",""
"62501600000606","Nodes","606","21.000000","34.282928","Default Known Flow Node","Known Flow","228765.211406","643190.150227","","0.000000","","","","","","","","","","","","0.000000","0.000000","","","","","","","","","","","","",""
"62501600002373","Nodes","","21.000000","23.767936","Default Known Flow Node","Known Flow","229543.662360","643213.380622","","0.000000","","","","","","","","","","","","0.000000","0.000000","","","","","","","","","","","","",""
"62501600002377","Nodes","","21.000000","23.769512","Default Known Flow Node","Known Flow","229542.252934","643212.758373","","0.000000","","","","","","","","","","","","0.000000","0.000000","","","","","","","","","","","","",""
"62501600002470","Nodes","","21.000000","32.639626","Default Known Flow Node","Known Flow","229213.420527","643518.420317","","0.000000","","","","","","","","","","","","0.000000","0.000000","","","","","","","","","","","","",""
"62501600000762","Nodes","762","21.000000","46.655120","DDS demands","Known Flow","229606.711634","645549.658869","","0.000000","","","","","","-11.409999","","","","","","-10.203026","-11.409999","","","","","","","","D1 PROFILE","","","","",""
"62501600000474","Nodes","474","21.000000","37.652127","Default Known Flow Node","Known Flow","230240.019807","643290.288255","","0.000000","","","","","","","","","","","","0.000000","0.000000","","","","","","","","","","","","",""
"62501600000398","Nodes","398","21.000000","39.825868","DDS demands","Known Flow","230206.658798","643789.733391","","0.000000","","","","","","-12.489999","","","","","","-11.168782","-12.489999","","","","","","","","D1 PROFILE","","","","",""
"62501600000035","Nodes","","21.000000","36.386762","Default Known Flow Node","Known Flow","229884.699981","644207.325519","","0.000000","","","","","","","","","","","","0.000000","0.000000","","","","","","","","","","","","",""
"62501600000396","Nodes","396","21.000000","36.738905","DDS demands","Known Flow","230025.110748","643940.677432","","0.000000","","","","","","-14.670000","","","","","","-13.118176","-14.670000","","","","","","","","D1 PROFILE","","","","",""
"62501600000185","Nodes","185","21.000000","40.340254","DDS demands","Known Flow","230294.096159","643830.999624","","0.000000","","","","","","-22.319999","","","","","","-19.958942","-22.319999","","","","","","","","D1 PROFILE","","","","",""
"62501600000180","Nodes","180","21.000000","37.114016","DDS demands","Known Flow","230103.242770","643947.009433","","0.000000","","","","","","-9.270000","","","","","","-8.289400","-9.270000","","","","","","","","D1 PROFILE","","","","",""
"62501600000569","Nodes","569","21.000000","41.957134","DDS demands","Known Flow","230440.053861","643460.314301","","0.000000","","","","","","-19.549998","","","","","","-17.481957","-19.549998","","","","","","","","D1 PROFILE","","","","",""
"62501600000370","Nodes","370","21.000000","40.729153","DDS demands","Known Flow","230392.425115","643615.229307","","0.000000","","","","","","-2.150000","","","","","","-1.922568","-2.150000","","","","","","","","D1 PROFILE","","","","",""
"62501600000191","Nodes","191","21.000000","40.536787","DDS demands","Known Flow","230383.071846","643647.486352","","0.000000","","","","","","-5.610000","","","","","","-5.016562","-5.610000","","","","","","","","D1 PROFILE","","","","",""
"62501600000199","Nodes","199","21.000000","41.397148","DDS demands","Known Flow","230417.703855","643542.015323","","0.000000","","","","","","-24.120001","","","","","","-21.568536","-24.120001","","","","","","","","D1 PROFILE","","","","",""
"62501600003045","Nodes","","21.000000","40.533249","Default Known Flow Node","Known Flow","230380.693845","643648.135352","","0.000000","","","","","","","","","","","","0.000000","0.000000","","","","","","","","","","","","",""
"62501600000531","Nodes","531","21.000000","40.524845","DDS demands","Known Flow","230379.732501","643651.200627","","0.000000","","","","","","-6.550000","","","","","","-5.857127","-6.550000","","","","","","","","D1 PROFILE","","","","",""
"62501600003170","Nodes","","21.000000","27.838825","Default Known Flow Node","Known Flow","231000.446699","643324.855366","","0.000000","","","","","","","","","","","","0.000000","0.000000","","","","","","","","","","","","",""
"62501600003214","Nodes","","21.000000","27.751361","Default Known Flow Node","Known Flow","231000.101400","643320.079329","","0.000000","","","","","","","","","","","","0.000000","0.000000","","","","","","","","","","","","",""
"62501600004032","Nodes","","21.000000","32.799111","Default Known Flow Node","Known Flow","230984.383009","642913.356152","","0.000000","","","","","","","","","","","","0.000000","0.000000","","","","","","","","","","","","",""
"62501600003206","Nodes","","21.000000","25.409648","Default Known Flow Node","Known Flow","231206.812735","643179.747139","","0.000000","","","","","","","","","","","","0.000000","0.000000","","","","","","","","","","","","",""
"62501600003238","Nodes","","21.000000","26.804387","Default Known Flow Node","Known Flow","230999.655488","643268.472669","","0.000000","","","","","","","","","","","","0.000000","0.000000","","","","","","","","","","","","",""
"62501600000050","Nodes","50","21.000000","32.940103","DDS demands","Known Flow","228798.412415","643103.182204","","0.000000","","","","","","-1.249999","","","","","","-1.117772","-1.249999","","","","","","","","D1 PROFILE","","","","",""
"62501600003502","Nodes","","21.000000","32.829894","Default Known Flow Node","Known Flow","228509.121506","643058.817739","","0.000000","","","","","","","","","","","","0.000000","0.000000","","","","","","","","","","","","",""
"62501600000005","Nodes","Cranberry Road DG, Clocked, Site ID 3483","21.000000","26.999999","Default Known Pressure Node","Known Pressure","228921.093448","642765.460112","","9999999.551650","","","","","","","","","","","","138.648486","155.050004","","","","","","","","","","","","",""
"62501600003962","Nodes","-789","21.000000","38.599923","Default Known Flow Node","Known Flow","230214.461766","643955.953470","","0.000000","","","","","","","","","","","","0.000000","0.000000","","","","","","","","","","","","",""
"62501600003928","Nodes","-734","21.000000","40.220940","Default Known Flow Node","Known Flow","230256.333811","643826.823401","","0.000000","","","","","","","","","","","","0.000000","0.000000","","","","","","","","","","","","",""
"62501600003832","Nodes","-4904576","21.000000","39.840548","Default Known Flow Node","Known Flow","230202.891797","643794.424392","","0.000000","","","","","","","","","","","","0.000000","0.000000","","","","","","","","","","","","",""
"62501600003960","Nodes","-787","21.000000","37.807967","Default Known Flow Node","Known Flow","230176.619790","643952.917435","","0.000000","","","","","","","","","","","","0.000000","0.000000","","","","","","","","","","","","",""
"62501600003911","Nodes","-699","21.000000","39.759359","Default Known Flow Node","Known Flow","230220.096367","643750.756466","","0.000000","","","","","","","","","","","","0.000000","0.000000","","","","","","","","","","","","",""
"62501600003958","Nodes","-785","21.000000","37.816186","Default Known Flow Node","Known Flow","230168.532787","643952.236435","","0.000000","","","","","","","","","","","","0.000000","0.000000","","","","","","","","","","","","",""
"62501600003957","Nodes","-784","21.000000","37.112738","Default Known Flow Node","Known Flow","230103.147770","643948.004434","","0.000000","","","","","","","","","","","","0.000000","0.000000","","","","","","","","","","","","",""
"62501600003912","Nodes","-700","21.000000","40.489219","Default Known Flow Node","Known Flow","230320.189829","643746.310379","","0.000000","","","","","","","","","","","","0.000000","0.000000","","","","","","","","","","","","",""
"62501600003925","Nodes","-725","21.000000","40.464220","Default Known Flow Node","Known Flow","230303.229689","643786.340639","","0.000000","","","","","","","","","","","","0.000000","0.000000","","","","","","","","","","","","",""
"62501600000232","Nodes","","21.000000","40.438449","DDS demands","Known Flow","230310.411134","643763.399543","","0.000000","","","","","","-16.999999","","","","","","-15.201703","-16.999999","","","","","","","","D1 PROFILE","","","","",""
"62501600004031","Nodes","-979","21.000000","32.842098","Default Known Flow Node","Known Flow","230972.390006","642912.925152","","0.000000","","","","","","","","","","","","0.000000","0.000000","","","","","","","","","","","","",""
"62501600003896","Nodes","-645","21.000000","40.537597","Default Known Flow Node","Known Flow","230381.178845","643646.821352","","0.000000","","","","","","","","","","","","0.000000","0.000000","","","","","","","","","","","","",""
"62501600003901","Nodes","-676","21.000000","40.486605","Default Known Flow Node","Known Flow","230348.076217","643706.620268","","0.000000","","","","","","","","","","","","0.000000","0.000000","","","","","","","","","","","","",""
"62501600000110","Nodes","","21.000000","37.523928","Default Known Flow Node","Known Flow","230237.024192","643291.075929","","0.000000","","","","","","","","","","","","0.000000","0.000000","","","","","","","","","","","","",""
"62501600003698","Nodes","-1462830","21.000000","31.552745","Default Known Flow Node","Known Flow","230951.425000","642724.751101","","0.000000","","","","","","","","","","","","0.000000","0.000000","","","","","","","","","","","","",""
"62501600004029","Nodes","-972","21.000000","31.554977","Default Known Flow Node","Known Flow","230953.697168","642716.281417","","0.000000","","","","","","","","","","","","0.000000","0.000000","","","","","","","","","","","","",""
"62501600003718","Nodes","-1462876","21.000000","37.523928","Default Known Flow Node","Known Flow","230223.833094","643287.953198","","0.000000","","","","","","","","","","","","0.000000","0.000000","","","","","","","","","","","","",""
"62501600000112","Nodes","","21.000000","37.652127","Default Known Flow Node","Known Flow","230241.947455","643271.836860","","0.000000","","","","","","","","","","","","0.000000","0.000000","","","","","","","","","","","","",""
"62501600000181","Nodes","181","21.000000","37.809401","DDS demands","Known Flow","230174.526789","643952.745435","","0.000000","","","","","","-23.350000","","","","","","-20.879987","-23.350000","","","","","","","","D1 PROFILE","","","","",""
"62501600000134","Nodes","134","21.000000","36.212120","DDS demands","Known Flow","229982.349737","643934.754430","","0.000000","","","","","","-1.049999","","","","","","-0.938928","-1.049999","","","","","","","","D1 PROFILE","","","","",""
"62501600000037","Nodes","","0.000000","27.946300","Default Known Flow Node","Known Flow","229283.832947","644302.180816","","0.000000","","","","","","","","","","","","0.000000","0.000000","","","","","","","","","","","","",""
"62501600000013","Nodes","","0.000000","26.799794","Default Known Flow Node","Known Flow","229215.005468","644278.552789","","0.000000","","","","","","","","","","","","0.000000","0.000000","","","","","","","","","","","","",""
"625016-3777","Nodes","-211","21.000000","21.947521","Default Known Flow Node","Known Flow","229536.203615","642864.077139","","0.000000","","","","","","","","","","","","0.000000","0.000000","","","","","","","","","","","","",""
"62501600000043","Nodes","","0.000000","25.296905","Default Known Flow Node","Known Flow","231168.106400","643144.493150","","0.000000","","","","","","","","","","","","0.000000","0.000000","","","","","","","","","","","","",""
"62501600000039","Nodes","","0.000000","25.237312","Default Known Flow Node","Known Flow","231272.718717","643218.818434","","0.000000","","","","","","","","","","","","0.000000","0.000000","","","","","","","","","","","","",""
